square 128
   1    1    1       1  1     0.12
   2    2    2       2  2     0.85       1  2     0.83
   3    3    3       3  3     2.73
   4    4    4       4  4     6.21       2  4     5.92
   5    5    5       5  5     9.14
   6    6    6       6  6    14.54
   7    7    7       7  7    19.15
   8    8    8       8  4    24.57
   9    9    9       3  9    25.80
  10   10   10       2 10    29.38       5 10    27.98
  11   11   11       4 11    32.99       3 11    32.29
  12   12   12       4 12    48.64
  13   13   13       3 13    33.95       2 13    33.70      13  4    32.78
  14   14   14       2 14    41.40
  15   15   15       5  8    45.37       3 15    44.15
  16   16   16       3 16    52.26       4  8    51.37       6  8    50.65       2 16    50.24
  17   17   17       2 17    41.79
  18   18   18       2 18    46.99
  19   19   19       2 19    47.41       4 11    46.83       4 12    46.66
  20   20   20       4 12    56.11
  21   21   21       6  8    45.95       4 12    45.50       6  7    45.08       4 11    45.07
  22   22   22       4 12    50.60       6  8    49.71
  23   23   23       4 12    53.44
  24   24   24       4 12    58.58       6  8    57.34
  25   25   25       3 16    47.72       6  8    46.60       3 13    45.98
  26   26   26       3 16    49.08       6  8    48.07       3 14    47.95       4 12    47.83       3 15    46.66
  27   27   27       3 16    53.08       3 15    50.61
