square 128
   1    1    1       1  1     0.03
   2    2    2       1  2     0.21       2  1     0.21       2  2     0.21
   3    3    3       3  3     0.71
   4    4    4       4  4     1.65
   5    5    5       5  5     2.93
   6    6    6       6  6     4.78
   7    7    7       7  7     6.80
   8    8    8       8  8     9.67
   9    9    9       9  9    10.27
  10   10   10      10 10    12.27
  11   11   11      11 11    14.88
  12   12   12       6 12    17.06      12 12    16.95
  13   13   13      13 13    18.85
  14   14   14       7 14    23.33
  15   15   15       8 15    23.63       9 15    23.48      10 15    22.65       5 15    22.46
  16   16   16       8 16    29.61
  17   17   17       6 17    23.49
  18   18   18       6 18    27.54       9 18    26.32
  19   19   19       7 19    28.31
  20   20   20       5 20    30.27       7 20    30.08
  21   21   21       7 21    34.59
  22   22   22       6 22    33.62       8 22    33.06       9 22    32.10
  23   23   23       8 23    36.51       6 23    36.37       9 23    35.38
  24   24   24       6 24    41.13       8 24    40.71
  25   25   25       5 25    34.96
  26   26   26       5 26    31.67      13 13    31.17       9 13    30.72      13 16    30.39       4 26    30.28      13 14    30.15
  27   27   27       5 27    34.97
  28   28   28       5 28    37.85
  29   29   29       5 29    40.64       6 29    38.67
  30   30   30       5 30    44.08       6 30    42.66
  31   31   31       5 31    41.37       4 31    39.34
  32   32   32       5 32    43.97       6 32    43.60
  33   33   33       5 33    38.06
  34   34   34       5 34    37.99       4 34    37.02
  35   35   35       5 35    40.30       4 35    39.90
  36   36   36       4 36    42.16       5 36    40.35
  37   37   37       5 37    42.91
  38   38   38       5 38    45.14
  39   39   39       5 39    47.02       4 39    45.00
  40   40   40       5 40    49.14       4 40    47.21
  41   41   41       4 41    40.06       9 24    38.84       7 21    38.80       9 23    38.73       7 24    38.72       7 23    38.64       9 21    38.58       9 22    38.47       3 41    38.07
  42   42   42       4 42    41.89       7 21    41.40       7 24    41.13       7 22    41.12       7 23    41.04       9 21    40.81       3 42    40.44       6 21    40.43       9 24    40.28       6 22    40.27       9 22    40.24       6 23    40.19       6 24    40.15       9 23    39.84
  43   43   43       4 43    43.85
  44   44   44       4 44    45.07
  45   45   45       9 24    44.60       4 45    44.53       9 23    44.34       3 45    43.25       8 23    43.12       8 24    42.96
  46   46   46       4 46    46.35       8 23    44.42
  47   47   47       4 47    48.55
  48   48   48       4 48    50.25       8 24    48.04
  49   49   49       3 49    41.05       5 27    39.92       5 26    39.88       5 30    39.67       5 25    39.67       5 31    39.62       5 32    39.62       5 28    39.58       5 29    39.50
  50   50   50       3 50    42.83       5 30    41.80       5 32    41.77       5 26    41.77       5 31    41.74       5 29    41.73       5 27    41.72       5 28    41.72       6 32    40.83
  51   51   51       3 51    42.63
  52   52   52       3 52    42.09
  53   53   53       3 53    41.67
  54   54   54       3 54    40.71
  55   55   55       3 55    40.14
  56   56   56       3 56    41.69
  57   57   57       5 32    30.12       6 32    30.03       5 40    29.70       6 30    29.68       5 31    29.52       5 30    29.41       5 29    29.39       6 31    29.27       6 29    29.20       5 38    28.99       5 39    28.98       5 37    28.94       5 36    28.72
  58   58   58       5 32    31.09       5 31    31.04       5 30    31.02       6 29    31.01       5 29    30.98       6 32    30.88       6 30    30.84       5 40    30.69       5 37    30.68       6 31    30.57       5 34    30.53       5 35    30.44       5 36    30.36       5 39    30.24       5 38    30.23
  59   59   59       5 40    29.67       5 32    29.51       5 39    29.40       5 31    29.30       5 38    29.26       5 30    29.13       5 37    29.07       6 32    28.87       5 36    28.86       5 35    28.75       6 30    28.57       6 31    28.50
  60   60   60       5 40    29.24       5 32    29.03       5 30    28.71       5 36    28.45       5 31    28.43       5 37    28.36       5 39    28.34       5 38    28.31       6 30    28.03       6 32    28.02       4 40    28.00       4 48    27.90
  61   61   61       5 32    29.54       5 39    29.51       5 40    29.50       5 31    29.49       5 38    29.48       5 37    29.25       6 32    28.68       6 31    28.67
  62   62   62       5 40    26.42       5 38    26.26       4 32    26.20       5 39    26.09       4 48    26.02       4 40    26.00       4 46    25.93       4 38    25.90       4 31    25.86       6 32    25.84       4 47    25.79       4 39    25.73       5 31    25.72       5 32    25.66       6 31    25.42
  63   63   63       5 40    31.55       4 47    31.38       4 48    31.37       4 40    31.25       4 39    31.20       5 32    30.91       5 39    30.89       4 38    30.73       4 37    30.55       4 36    30.53       4 46    30.46       4 45    30.36       4 44    30.34       4 32    30.23       4 35    30.12       4 43    30.07       4 42    30.02
  64   64   64       6 32    32.91       4 32    32.22       5 32    32.20
  65   65   65       5 40    29.79       5 36    29.36       5 35    29.12       5 33    29.11       5 39    29.10       5 34    28.93       5 38    28.89       5 37    28.84
  66   66   66       4 48    21.18       6 24    21.12       4 46    21.05       4 47    20.92       6 23    20.86       6 22    20.86       9 24    20.67       4 44    20.61       5 38    20.56       5 39    20.54       5 40    20.53       4 45    20.52       9 22    20.44       4 42    20.41       4 43    20.40       5 37    20.36       5 34    20.23       5 36    20.22       9 23    20.19       8 22    20.17       7 22    20.16
  67   67   67       5 40    26.08       5 39    25.97       5 38    25.91       5 37    25.62       4 48    25.59       5 36    25.56       5 35    25.51       4 40    25.46       4 39    25.36       4 47    25.33       4 38    25.31       4 45    25.30       4 46    25.22       4 44    25.17       4 37    25.13       4 43    25.10       4 36    24.95
  68   68   68       8 24    21.58       9 24    21.45       7 24    21.30       4 48    21.24       5 36    21.04       5 40    21.00      14 16    20.90       6 24    20.89       4 44    20.83       9 23    20.74       4 47    20.73       4 46    20.73       4 45    20.72       5 37    20.65       5 39    20.63       5 38    20.62       5 24    20.61
  69   69   69       4 47    22.29       4 45    22.25       4 46    22.24       4 48    22.23       6 23    22.18       5 40    22.17       6 24    22.16       5 39    22.11       9 23    22.09       8 23    22.05       7 24    22.04       5 38    22.01       7 23    21.98       9 24    21.95       5 37    21.95       5 23    21.94       8 24    21.84       4 40    21.76       5 24    21.72       3 47    21.63       3 45    21.61       4 39    21.60       3 46    21.55       3 48    21.54       4 37    21.48       4 38    21.39       3 56    21.35       3 54    21.30       3 55    21.30       3 53    21.24       4 44    21.19
  70   70   70       7 24    22.50       6 24    22.36       8 24    22.25       4 48    22.14       9 24    22.11       4 46    22.02       5 38    21.98       5 40    21.96       4 47    21.78       5 39    21.62
  71   71   71       9 24    19.69       4 48    19.67       4 47    19.61       6 24    19.37       5 40    19.04       5 39    19.02       8 24    19.01       3 48    18.74       4 40    18.74       4 39    18.73
  72   72   72       9 24    25.18       8 24    24.58       6 24    24.39       7 24    24.28       5 24    24.24      12 16    23.96       5 40    23.94
  73   73   73       5 38    17.43       5 39    17.43       5 37    17.36       5 40    17.30       4 47    16.57       4 48    16.57
  74   74   74       5 38    19.92       6 30    19.89       4 48    19.88       5 30    19.86       6 32    19.86       9 22    19.82       5 32    19.78       5 29    19.74       6 20    19.73       6 29    19.73       8 22    19.69       7 16    19.68       7 22    19.66       5 40    19.65       4 46    19.64       9 24    19.58       6 22    19.56       4 47    19.52       6 31    19.49       5 31    19.48       5 20    19.48       5 37    19.47       4 44    19.45       9 16    19.44       5 39    19.39       9 23    19.37       7 20    19.37       5 22    19.36      14 16    19.34       8 24    19.34       4 45    19.34       3 56    19.32       7 24    19.32       7 15    19.31       4 38    19.28       4 42    19.27       6 24    19.24       6 16    19.24       5 26    19.23       8 16    19.20       8 20    19.20       6 26    19.19       6 28    19.19       4 40    19.18       5 28    19.18       3 54    19.17       9 20    19.17       3 55    19.11       5 27    19.08       4 43    19.06       8 23    19.05       4 37    19.03       6 27    19.03       7 23    19.00       6 21    19.00       6 25    18.99       6 23    18.98       9 15    18.98       4 30    18.97      13 16    18.95       4 39    18.92
  75   75   75       6 20    20.32       5 20    20.20       5 30    20.17       8 15    20.09       5 31    20.00       6 21    19.98       6 30    19.98       8 16    19.95       9 15    19.93       6 23    19.92       7 24    19.89       9 24    19.88       5 39    19.88       7 23    19.88       5 40    19.87       7 15    19.87       6 31    19.87       5 32    19.84       9 16    19.84       6 24    19.80       5 21    19.80       5 38    19.79       9 23    19.78       5 23    19.75       7 16    19.74       6 15    19.70       5 29    19.60       6 32    19.60       7 20    19.59       5 27    19.57       6 22    19.56       5 24    19.50       5 28    19.50       7 21    19.49       4 48    19.48      10 15    19.46       5 26    19.44       8 23    19.41       6 16    19.40       8 24    19.40       4 40    19.39       4 47    19.39       4 46    19.39       9 20    19.37       9 21    19.37       4 45    19.36       4 44    19.34       6 27    19.32       4 43    19.32       7 22    19.32
  76   76   76       5 40    17.76       5 38    17.58       4 48    17.54       4 44    17.53       5 39    17.48       9 24    17.46      14 16    17.34       4 46    17.34       4 45    17.33       4 47    17.33       6 32    17.29      13 16    17.24       6 30    17.05       9 23    16.96
  77   77   77       9 16    19.36       6 31    19.25       8 16    19.22       9 24    19.21       6 23    19.20       8 23    19.18       9 23    19.15       5 31    19.13      10 16    19.12       5 32    19.12       7 24    19.12       6 24    19.04       7 16    19.01      11 16    19.00       8 24    18.96       7 23    18.91       4 48    18.86      12 16    18.83       4 47    18.78       4 31    18.76       5 40    18.75       4 46    18.73       6 32    18.72      13 16    18.71       4 45    18.70       6 28    18.66       4 32    18.64       9 21    18.61       5 39    18.61       5 28    18.59       6 21    18.58       3 56    18.58       6 29    18.57       6 22    18.54       5 23    18.54       5 29    18.53       9 22    18.52       6 30    18.52       6 27    18.50       5 24    18.47       3 55    18.44       5 27    18.43      14 16    18.42
  78   78   78       8 16    20.42       9 24    20.26       6 24    20.25       9 16    19.96      13 16    19.94       8 24    19.76       6 32    19.72       6 22    19.62       7 16    19.59      12 16    19.53       6 31    19.51       9 22    19.46       5 24    19.46       6 16    19.44
  79   79   79       5 40    18.12       4 48    17.67       4 47    17.64       9 24    17.42
  80   80   80       4 32    27.23       8 16    27.01       5 32    27.00       7 16    26.44       6 32    25.88
  81   81   81       6 22    19.74       6 23    19.44       6 24    19.38       9 22    19.37       9 24    19.36       6 21    19.30       9 23    19.29       5 22    19.17       5 23    19.06       6 30    19.06       5 24    19.05       6 29    18.99       6 31    18.83       7 22    18.82       6 32    18.76
  82   82   82       6 32    17.12       9 24    16.93       6 30    16.87       9 22    16.86       6 31    16.83       6 29    16.81       9 23    16.71       8 24    16.45       4 46    16.44       4 48    16.42       4 42    16.41       6 24    16.39       4 44    16.38       6 22    16.38       8 22    16.34       4 47    16.33       4 43    16.31       4 45    16.27
  83   83   83       9 24    18.91       9 23    18.73       6 23    18.65       6 24    18.57       8 24    18.53       8 23    18.38       6 30    18.27       7 24    18.10       7 23    17.98       6 22    17.98
  84   84   84       6 24    19.98       6 32    19.90       9 24    19.88       8 24    19.70       7 24    19.52       6 30    19.34       4 24    19.10       4 32    19.04       5 24    18.98
  85   85   85       9 24    16.91       9 23    16.91       6 32    16.72       6 31    16.62       4 48    16.54       4 47    16.48       4 45    16.45       4 46    16.44       7 32    16.18       7 31    16.14       8 24    16.09
  86   86   86       9 24    17.95       6 32    17.72       6 24    17.51       8 24    17.30       6 31    17.27
  87   87   87       9 24    18.84       8 24    18.19       6 24    18.10       7 24    18.09       9 16    17.98
  88   88   88       8 24    22.48       9 24    22.03       6 24    21.78
  89   89   89       9 24    16.82       9 23    16.81       4 45    16.69       4 46    16.54       4 48    16.51       4 47    16.50       6 32    16.47       6 31    16.31       6 24    16.23       6 30    16.23       6 23    16.18       5 37    16.17       5 40    16.16       5 38    16.13       3 45    16.09       5 39    16.07       3 48    16.03      14 16    16.00       3 47    15.99       3 46    15.99
  90   90   90       6 24    18.81       9 24    18.67       9 16    18.44       6 23    18.33       5 24    18.31       8 24    18.20       9 23    18.07       8 16    18.02       7 24    17.92       7 16    17.88
  91   91   91       9 24    18.38       9 23    18.27       7 23    17.94       8 23    17.90       7 24    17.90      14 16    17.89       6 24    17.85       8 24    17.84       6 23    17.84      13 16    17.77       9 16    17.73       7 16    17.67       8 16    17.55
  92   92   92       6 24    19.75       8 16    19.71       8 24    19.68       9 24    19.68      12 16    19.26      14 16    19.18       4 24    19.14       9 16    18.94
  93   93   93       9 24    17.03       4 48    16.98       4 47    16.97       6 32    16.75       6 31    16.68       3 48    16.52       3 47    16.48       7 31    16.37       7 32    16.33       8 24    16.32       5 40    16.30       6 24    16.28      14 16    16.23       5 39    16.19
  94   94   94       9 24    18.62       6 24    18.41       9 16    18.02       8 24    18.02       8 16    17.84
  95   95   95       9 24    18.30       9 16    18.08       6 24    17.94       8 16    17.75      13 16    17.71       8 24    17.65      14 16    17.60       6 32    17.49       7 16    17.41
  96   96   96       4 32    33.58       6 32    32.43
  97   97   97       9 24    16.32       9 23    16.22       5 40    16.01      14 16    16.01       5 37    16.01       5 39    15.95       5 38    15.95      14 15    15.87       9 22    15.68       9 21    15.65       9 16    15.61       7 32    15.60      13 16    15.59       7 30    15.52
  98   98   98       9 24    16.42       5 40    16.27      14 16    16.21       5 38    16.11       9 23    16.10       5 39    16.05       5 37    15.97      14 15    15.83       7 32    15.76       9 22    15.69       7 30    15.60      13 16    15.60
  99   99   99       9 24    16.71       9 23    16.64       9 16    16.09       9 22    16.08       5 40    16.08       9 21    16.07       5 38    16.02       5 39    16.02      13 16    15.93       6 24    15.89       8 24    15.88
 100  100  100       5 40    17.18       9 24    17.05      13 16    16.72       5 38    16.67      14 16    16.61      12 16    16.53       8 24    16.52       9 23    16.46       5 39    16.44
 101  101  101       9 24    16.91      14 16    16.52       9 22    16.44       9 23    16.37      13 16    16.34       8 24    16.19       5 40    16.07
 102  102  102       9 24    16.44       5 40    16.13      14 16    16.01       5 39    15.93       9 22    15.88       7 32    15.83      13 16    15.74      15 16    15.74       9 23    15.72       8 24    15.66
 103  103  103       9 24    16.56       5 40    16.24       9 22    16.08       9 23    16.06      14 16    15.97       7 32    15.86      13 16    15.84       8 24    15.82
 104  104  104       8 24    19.27       9 24    18.94       8 16    18.79      14 16    18.72      12 16    18.48       6 24    18.39      13 16    18.38
 105  105  105       9 24    16.18       9 23    16.05       5 37    15.63       5 40    15.60       5 39    15.60       9 21    15.59       5 38    15.58       7 32    15.56       9 22    15.55       7 30    15.50       7 31    15.50      14 16    15.45      14 15    15.44       5 35    15.39
 106  106  106       9 24    16.70      14 16    16.55       9 23    16.30      13 16    16.08       6 32    16.08       8 24    16.02       7 32    16.01       6 24    15.95      12 16    15.93       9 22    15.90       6 30    15.88
 107  107  107       9 24    16.50       9 23    16.36      14 16    16.12      13 16    15.73       9 22    15.71
 108  108  108       9 24    16.84      14 16    16.33       5 40    16.14       9 23    16.04       6 32    16.03       8 24    16.03       7 32    16.01
 109  109  109       9 24    16.17      14 16    15.78       7 32    15.69       7 31    15.67       8 24    15.60       6 24    15.46       9 23    15.44       9 22    15.44       5 40    15.43      10 24    15.43      13 16    15.42       5 39    15.37
 110  110  110       9 24    16.66      14 16    16.61      13 16    16.17       7 32    16.16       8 24    16.15       6 24    15.97       9 22    15.88       5 40    15.87
 111  111  111       9 24    16.72       7 32    16.22       5 40    16.00       6 32    15.95       9 23    15.92       8 24    15.91
 112  112  112       8 16    23.87
 113  113  113       9 24    16.66       9 23    16.55       5 40    15.98       6 32    15.86       5 39    15.84
 114  114  114       9 24    16.60       9 23    16.37       5 40    16.06       5 38    15.88       5 39    15.88       6 32    15.83
 115  115  115       9 24    16.19       9 23    16.17       5 40    15.51       7 32    15.45       5 39    15.40
 116  116  116       9 24    17.34       8 24    16.87       6 32    16.78       5 40    16.71       7 32    16.51
 117  117  117       9 24    16.73       7 32    15.96       7 31    15.95
 118  118  118       9 24    16.32       7 32    16.09       6 32    16.08       5 40    15.97      10 24    15.83       8 24    15.82       6 24    15.80       7 30    15.59       7 24    15.54      14 16    15.53
 119  119  119       9 24    16.81       7 32    16.18       5 40    16.05       8 24    15.97
 120  120  120       9 24    18.98       5 40    18.38       8 24    18.33      14 16    18.31       6 24    18.22
 121  121  121       7 32    15.81       7 31    15.76       9 24    15.65      14 16    15.62       9 23    15.54       6 32    15.50       4 46    15.39       6 31    15.38       4 48    15.38       4 47    15.36       4 45    15.34      13 16    15.30       9 22    15.20       9 21    15.17
 122  122  122       7 32    15.87       9 24    15.75      14 16    15.70       7 31    15.63       6 32    15.61       4 48    15.44       9 22    15.36       9 23    15.36       4 46    15.29      13 16    15.28       4 47    15.24       6 31    15.20       4 45    15.20
 123  123  123       7 32    15.88       7 31    15.83       9 24    15.70       6 32    15.64       9 23    15.56       6 31    15.55      14 16    15.54       4 48    15.46       4 47    15.44       4 46    15.41       9 22    15.23      13 16    15.21
 124  124  124       6 32    16.63       7 32    16.61       9 24    16.61      14 16    16.60       4 48    16.57       4 46    16.32      13 16    16.16       7 31    16.11       4 47    16.10       8 24    16.04       6 31    16.01       5 40    15.94      12 16    15.93       4 32    15.85
 125  125  125       7 32    16.16       9 24    15.96      14 16    15.88       6 32    15.84      13 16    15.50       4 48    15.48       9 23    15.45       4 47    15.41       9 22    15.40
 126  126  126      14 16    16.73       9 24    16.67       7 32    16.45      13 16    16.34       6 32    16.26       9 22    16.06      12 16    16.05       9 16    15.92       9 23    15.89
 127  127  127       7 32    16.37       9 24    16.21       6 32    16.11      14 16    16.08      13 16    16.00       4 48    15.97      15 16    15.73       9 23    15.71      12 16    15.68       8 24    15.57
 128  128  128      14 16    18.16       7 32    18.02       6 32    17.81      13 16    17.67      15 16    17.54       9 24    17.40       4 48    17.31
(n,n*n)T(n,n) 32
   1    1    1       1  1     0.03
   4    2    2       4  2     0.41       4  1     0.39       2  2     0.39
   9    3    3       9  3     1.79
  16    4    4      16  4     4.33       8  4     4.19
  25    5    5      13  5     7.16      25  5     7.10      14  5     6.90      12  5     6.90       5  5     6.83
  36    6    6      12  6    13.10      18  6    13.09
  49    7    7      13  7    16.49      10  7    16.09      17  7    15.99      15  7    15.97      14  7    15.96      12  7    15.86      18  7    15.76       7  7    15.72
  64    8    8      16  8    23.87
  81    9    9       9  9    18.24
 100   10   10      10 10    21.70
 121   11   11       9 11    23.48      11 11    23.31      14 11    22.98      12 11    22.58      10 11    22.51
 144   12   12      12 12    27.92       9 12    27.74      10 12    27.00       8 12    26.83      14 12    26.77
 169   13   13      13 13    30.24      10 13    30.08       9 13    29.88      11 13    29.66      12 13    28.94
 196   14   14      12 14    33.45       9 14    33.43      11 14    33.18      10 14    32.78      14 14    32.77      13 14    32.17       7 14    31.89       8 14    31.82
 225   15   15       9 15    33.26      12 15    32.64      11 15    32.12      13 15    32.08      10 15    31.84
 256   16   16      10 16    34.10       8 16    33.66      11 16    33.43       9 16    33.28      13 16    33.03      12 16    32.43
 289   17   17       6 17    24.12       7 17    24.01       8 17    23.97       9 17    23.31       5 17    23.20
 324   18   18       9 18    24.55       8 18    23.72       7 18    23.48
 361   19   19       6 19    23.22       7 19    22.37       5 19    22.30       8 19    22.18
 400   20   20       5 20    26.38       6 20    26.23       7 20    25.82
 441   21   21       6 21    26.08       8 21    25.00       7 21    24.94
 484   22   22       9 22    29.96       8 22    29.17       7 22    28.71
 529   23   23       6 23    31.74       8 23    30.68       7 23    30.49       5 23    30.19
 576   24   24       7 24    35.96       6 24    35.92       5 24    34.43       9 24    34.29
 625   25   25       5 25    27.58       6 25    26.58
 676   26   26       6 26    27.15       5 26    26.31
 729   27   27       5 27    26.75       6 27    26.33
 784   28   28       5 28    31.08       6 28    30.14       4 28    29.78
 841   29   29       5 29    28.87       6 29    28.03
 900   30   30       6 30    32.02       5 30    30.85
 961   31   31       5 31    38.24       6 31    37.36
1024   32   32       6 32    19.56      14 16    19.10      13 16    18.68
small non-square k=8 32
   1    1    8       1  1     0.18
   1    2    8       1  2     0.35
   1    3    8       1  3     0.56
   1    4    8       1  4     0.69
   1    5    8       1  5     0.93
   1    6    8       1  6     1.12
   1    7    8       1  7     1.30
   1    8    8       1  8     1.39
   1    9    8       1  9     1.59
   1   10    8       1 10     1.76
   1   11    8       1 11     1.94
   1   12    8       1 12     2.12
   1   13    8       1 13     2.30
   1   14    8       1 14     2.47
   1   15    8       1 15     2.65
   1   16    8       1 16     2.85
   1   17    8       1 17     3.01
   1   18    8       1 18     3.07
   1   19    8       1 19     3.41
   1   20    8       1 20     3.55
   1   21    8       1 21     3.72
   1   22    8       1 22     3.90
   1   23    8       1 23     4.12
   1   24    8       1 24     4.40
   1   25    8       1 25     4.24
   1   26    8       1 26     4.53
   1   27    8       1 27     4.58
   1   28    8       1 28     4.88
   1   29    8       1 29     5.06
   1   30    8       1 30     5.19
   1   31    8       1 31     5.24
   1   32    8       1 32     5.53
   2    1    8       2  1     0.34
   2    2    8       2  2     0.71
   2    3    8       2  3     1.07
   2    4    8       2  4     1.42
   2    5    8       2  5     1.76
   2    6    8       2  6     2.11
   2    7    8       2  7     2.47
   2    8    8       2  8     2.89
   2    9    8       2  9     2.97
   2   10    8       2 10     3.45
   2   11    8       2 11     3.79
   2   12    8       2 12     4.14
   2   13    8       2 13     4.48
   2   14    8       2 14     4.82
   2   15    8       2 15     5.17
   2   16    8       2 16     5.58
   2   17    8       2 17     5.59
   2   18    8       2 18     5.82
   2   19    8       2 19     6.25
   2   20    8       2 20     6.58
   2   21    8       2 21     6.95
   2   22    8       2 22     7.28
   2   23    8       2 23     7.57
   2   24    8       2 24     8.13
   2   25    8       2 25     8.10
   2   26    8       2 26     8.36
   2   27    8       2 27     8.68
   2   28    8       2 28     9.14
   2   29    8       2 29     9.48
   2   30    8       2 30     9.65
   2   31    8       2 31     9.97
   2   32    8       2 32     9.99
   3    1    8       3  1     0.53
   3    2    8       3  2     1.04
   3    3    8       3  3     1.63
   3    4    8       3  4     2.15
   3    5    8       3  5     2.66
   3    6    8       3  6     3.19
   3    7    8       3  7     3.71
   3    8    8       3  8     4.24
   3    9    8       3  9     4.55
   3   10    8       3 10     5.05
   3   11    8       3 11     5.56
   3   12    8       3 12     6.06
   3   13    8       3 13     6.57
   3   14    8       3 14     7.07
   3   15    8       3 15     7.58
   3   16    8       3 16     8.18
   3   17    8       3 17     7.74
   3   18    8       3 18     8.27
   3   19    8       3 19     8.46
   3   20    8       3 20     9.44
   3   21    8       3 21     9.90
   3   22    8       3 22     9.80
   3   23    8       3 23    10.23
   3   24    8       3 24    11.19
   3   25    8       3 25    10.73
   3   26    8       3 26    11.16
   3   27    8       3 27    11.57
   3   28    8       3 28    12.12
   3   29    8       3 29    12.52
   3   30    8       3 30    13.15
   3   31    8       3 31    13.59
   3   32    8       3 32    13.87
   4    1    8       4  1     0.68
   4    2    8       4  2     1.32
   4    3    8       4  3     2.07
   4    4    8       4  4     2.65
   4    5    8       4  5     3.45
   4    6    8       4  6     4.16
   4    7    8       4  7     4.86
   4    8    8       4  8     5.27
   4    9    8       4  9     5.59
   4   10    8       4 10     6.21
   4   11    8       4 11     6.82
   4   12    8       4 12     7.47
   4   13    8       4 13     8.05
   4   14    8       4 14     8.67
   4   15    8       4 15     9.25
   4   16    8       4 16    10.13
   4   17    8       4 17     9.57
   4   18    8       4 18    10.36
   4   19    8       4 19    10.78
   4   20    8       4 20    11.26
   4   21    8       4 21    11.82
   4   22    8       4 22    12.39
   4   23    8       4 23    12.87
   4   24    8       4 24    13.45
   4   25    8       4 25    14.21
   4   26    8       4 26    13.46
   4   27    8       4 27    13.89
   4   28    8       4 28    15.08
   4   29    8       4 29    15.40
   4   30    8       4 30    16.41
   4   31    8       4 31    16.48
   4   32    8       4 32    17.22
   5    1    8       5  1     0.85
   5    2    8       5  2     1.63
   5    3    8       5  3     2.48
   5    4    8       5  4     3.33
   5    5    8       5  5     4.19
   5    6    8       5  6     5.02
   5    7    8       5  7     5.86
   5    8    8       5  8     6.51
   5    9    8       5  9     6.58
   5   10    8       5 10     7.37
   5   11    8       5 11     8.12
   5   12    8       5 12     8.81
   5   13    8       5 13     9.60
   5   14    8       5 14    10.34
   5   15    8       5 15    11.04
   5   16    8       5 16    11.68
   5   17    8       5 17    11.46
   5   18    8       5 18    12.22
   5   19    8       5 19    12.81
   5   20    8       5 20    13.55
   5   21    8       5 21    14.20
   5   22    8       5 22    14.77
   5   23    8       5 23    15.47
   5   24    8       5 24    16.17
   5   25    8       5 25    14.40
   5   26    8       5 26    15.04
   5   27    8       5 27    15.88
   5   28    8       5 28    16.35
   5   29    8       5 29    16.92
   5   30    8       5 30    18.30
   5   31    8       5 31    18.40
   5   32    8       5 32    19.69
   6    1    8       6  1     0.97
   6    2    8       6  2     1.90
   6    3    8       6  3     2.79
   6    4    8       6  4     3.84
   6    5    8       6  5     4.80
   6    6    8       6  6     5.76
   6    7    8       6  7     6.70
   6    8    8       6  8     7.81
   6    9    8       6  9     7.58
   6   10    8       6 10     8.44
   6   11    8       6 11     9.37
   6   12    8       6 12    10.23
   6   13    8       6 13    10.96
   6   14    8       6 14    11.68
   6   15    8       6 15    12.56
   6   16    8       6 16    13.55
   6   17    8       6 17    12.77
   6   18    8       6 18    13.64
   6   19    8       6 19    14.40
   6   20    8       6 20    14.50
   6   21    8       6 21    15.57
   6   22    8       6 22    16.45
   6   23    8       6 23    17.39
   6   24    8       6 24    18.39
   6   25    8       3 25    15.37
   6   26    8       3 26    15.79       6 13    15.08
   6   27    8       3 27    16.54
   6   28    8       3 28    17.03       6 28    16.82
   6   29    8       3 29    17.67       6 29    17.46
   6   30    8       3 30    18.25
   6   31    8       3 31    18.96
   6   32    8       6 32    19.36       3 32    19.33       6 16    18.89
   7    1    8       7  1     1.13
   7    2    8       7  2     2.02
   7    3    8       7  3     3.13
   7    4    8       7  4     4.24
   7    5    8       7  5     5.32
   7    6    8       7  6     6.36
   7    7    8       7  7     7.34
   7    8    8       7  8     8.44
   7    9    8       7  9     8.49
   7   10    8       7 10     9.40
   7   11    8       7 11    10.17
   7   12    8       7 12    11.22
   7   13    8       7 13    12.19
   7   14    8       7 14    13.04
   7   15    8       7 15    14.25
   7   16    8       7 16    15.07
   7   17    8       7 17    13.39
   7   18    8       7 18    13.86
   7   19    8       7 19    14.97
   7   20    8       7 20    15.57
   7   21    8       7 21    16.15
   7   22    8       7 22    17.67
   7   23    8       7 23    17.92
   7   24    8       7 24    18.64
   7   25    8       7 16    14.27       7 13    14.15       4 25    14.11       7 15    13.97       7 14    13.93       7 21    13.62
   7   26    8       7 13    16.75
   7   27    8       4 27    15.33       7 15    15.30       7 14    15.16       5 27    15.06       7 16    14.93       7 19    14.63
   7   28    8       7 14    17.86
   7   29    8       4 29    16.45       7 15    16.17       7 16    16.08       5 29    15.64
   7   30    8       7 15    19.23
   7   31    8       4 31    17.60       5 31    17.45       7 23    16.84
   7   32    8       7 16    20.27
   8    1    8       8  1     1.18
   8    2    8       8  2     2.32
   8    3    8       8  3     3.64
   8    4    8       8  4     4.76
   8    5    8       8  5     5.94
   8    6    8       8  6     7.07
   8    7    8       8  7     8.10
   8    8    8       8  8     9.67
   8    9    8       8  9     8.73
   8   10    8       8 10     9.81
   8   11    8       8 11    10.97
   8   12    8       8 12    11.68
   8   13    8       8 13    12.80
   8   14    8       8 14    13.90
   8   15    8       8 15    14.98
   8   16    8       8 16    15.72
   8   17    8       4 17    13.65       8 17    13.15
   8   18    8       4 18    14.64
   8   19    8       4 19    15.56
   8   20    8       4 20    16.30
   8   21    8       4 21    17.03
   8   22    8       4 22    17.78
   8   23    8       4 23    18.46
   8   24    8       4 24    19.33
   8   25    8       4 25    18.23
   8   26    8       4 26    18.32
   8   27    8       4 27    19.68
   8   28    8       4 28    20.22
   8   29    8       4 29    21.22
   8   30    8       4 30    22.03
   8   31    8       4 31    22.67
   8   32    8       4 32    23.15       8 16    22.68
   9    1    8       9  1     1.34
   9    2    8       9  2     2.57
   9    3    8       9  3     3.84
   9    4    8       9  4     5.24
   9    5    8       9  5     6.54
   9    6    8       9  6     7.62
   9    7    8       9  7     8.94
   9    8    8       9  8     9.75
   9    9    8       9  9     9.37
   9   10    8       9 10    10.97
   9   11    8       9 11    11.69
   9   12    8       9 12    13.48
   9   13    8       9 13    14.28
   9   14    8       9 14    14.66
   9   15    8       9 15    17.12
   9   16    8       9 16    17.45
   9   17    8       3 17    13.11       5 17    12.60
   9   18    8       3 18    13.69       9 18    13.46       5 18    13.43
   9   19    8       3 19    14.90
   9   20    8       9 20    15.72       3 20    15.42       5 20    14.94
   9   21    8       3 21    16.40       9 21    16.01
   9   22    8       9 22    17.01       3 22    16.86       5 22    16.45
   9   23    8       3 23    17.70       5 23    17.02       9 23    16.96
   9   24    8       9 24    18.91       3 24    18.76
   9   25    8       3 25    17.73
   9   26    8       3 26    18.33       9 13    18.20
   9   27    8       3 27    19.14
   9   28    8       3 28    19.87       9 14    19.41       5 28    19.12
   9   29    8       3 29    20.53
   9   30    8       3 30    21.23       9 15    21.10       5 30    20.19
   9   31    8       3 31    21.92       5 31    20.98
   9   32    8       9 16    23.53       3 32    22.52
  10    1    8      10  1     1.45
  10    2    8      10  2     2.78
  10    3    8      10  3     4.15
  10    4    8      10  4     5.70
  10    5    8      10  5     6.92
  10    6    8      10  6     8.29
  10    7    8      10  7     9.60
  10    8    8      10  8    11.07
  10    9    8       5  9     9.63      10  9     9.61
  10   10    8      10 10    10.94       5 10    10.51
  10   11    8      10 11    12.04
  10   12    8      10 12    13.35       5 12    12.74
  10   13    8      10 13    14.59
  10   14    8      10 14    15.71
  10   15    8      10 15    16.86
  10   16    8      10 16    18.62
  10   17    8       5 17    16.00
  10   18    8       5 18    16.60
  10   19    8       5 19    17.68
  10   20    8       5 20    18.59
  10   21    8       5 21    19.38
  10   22    8       5 22    20.24
  10   23    8       5 23    21.54
  10   24    8       5 24    22.32
  10   25    8       5 25    19.48
  10   26    8       5 26    20.36
  10   27    8       5 27    21.59
  10   28    8       5 28    23.03
  10   29    8       5 29    22.62
  10   30    8       5 30    24.75
  10   31    8       5 31    25.39
  10   32    8       5 32    26.88
  11    1    8      11  1     1.49
  11    2    8      11  2     2.96
  11    3    8      11  3     4.46
  11    4    8      11  4     6.03
  11    5    8      11  5     7.40
  11    6    8      11  6     9.05
  11    7    8      11  7    10.51
  11    8    8      11  8    11.90
  11    9    8      11  9    10.14
  11   10    8      11 10    10.51      11  5    10.33
  11   11    8      11 11    12.29
  11   12    8      11 12    13.62
  11   13    8      11 13    14.30
  11   14    8      11 14    15.70
  11   15    8      11 15    16.59
  11   16    8      11 16    17.89      11  8    17.12
  11   17    8       6 17    14.33
  11   18    8       6 18    15.21       7 18    14.81
  11   19    8       6 19    15.95       7 19    15.15
  11   20    8       6 20    16.94       7 20    16.76
  11   21    8       6 21    17.71       7 21    17.00
  11   22    8       6 22    18.78
  11   23    8       6 23    19.17       7 23    19.03
  11   24    8       6 24    20.49      11  8    19.52
  11   25    8       4 25    17.26       5 25    16.99
  11   26    8       4 26    17.83      11 13    17.83       5 26    17.34       6 26    17.03       3 26    16.96
  11   27    8       4 27    19.18
  11   28    8       4 28    19.64       5 28    19.02      11 14    18.96
  11   29    8       4 29    20.57
  11   30    8       4 30    20.88      11 15    20.78       5 30    20.22
  11   31    8       4 31    21.71       5 31    21.30
  11   32    8      11 16    23.40       4 32    22.35
  12    1    8      12  1     1.62
  12    2    8      12  2     3.11
  12    3    8      12  3     4.74
  12    4    8      12  4     6.31
  12    5    8      12  5     7.96
  12    6    8      12  6     9.51
  12    7    8      12  7    11.27
  12    8    8      12  8    12.62
  12    9    8       6  9    10.46
  12   10    8       6 10    11.66      12  5    11.18      12 10    11.17
  12   11    8       6 11    13.06
  12   12    8       6 12    14.09
  12   13    8       6 13    15.46
  12   14    8       6 14    16.22      12 14    15.52
  12   15    8       6 15    17.87
  12   16    8       6 16    19.08      12 16    18.97
  12   17    8       6 17    16.98
  12   18    8       6 18    18.20       4 18    17.40
  12   19    8       6 19    19.66
  12   20    8       6 20    19.97       4 20    19.09
  12   21    8       6 21    21.08
  12   22    8       6 22    21.63       4 22    20.71
  12   23    8       6 23    22.98       4 23    21.86
  12   24    8       6 24    24.55
  12   25    8       4 25    20.35       3 25    19.46
  12   26    8       4 26    20.89
  12   27    8       4 27    22.15
  12   28    8       4 28    23.44
  12   29    8       4 29    23.73       6 29    22.98
  12   30    8       4 30    24.59
  12   31    8       4 31    26.09
  12   32    8       6 32    26.63       4 32    26.49
  13    1    8      13  1     1.66
  13    2    8      13  2     3.19
  13    3    8      13  3     4.97
  13    4    8      13  4     6.37
  13    5    8      13  5     8.20
  13    6    8      13  6     9.94
  13    7    8      13  7    11.54
  13    8    8      13  8    12.80
  13    9    8      13  9     9.70       7  9     9.60       8  9     9.26
  13   10    8      13  5    11.38
  13   11    8      13 11    11.89       7 11    11.75       8 11    11.40       9 11    11.32
  13   12    8      13  6    13.17       7 12    12.96      13 12    12.81
  13   13    8      13 13    13.98       7 13    13.81       8 13    13.49       9 13    13.35
  13   14    8      13  7    15.18      13 14    14.76       7 14    14.72       8 14    14.48       9 14    14.48
  13   15    8      13 15    16.31       7 15    16.03       8 15    15.59       9 15    15.51
  13   16    8      13  8    18.20      13 16    17.80
  13   17    8       5 17    14.27       7 17    13.92       6 17    13.75
  13   18    8       7 18    15.37       5 18    15.11      13  6    15.06
  13   19    8       7 19    15.81       6 19    15.62       8 19    15.34       4 19    15.06
  13   20    8       7 20    17.87       5 20    17.07
  13   21    8       5 21    18.05       7 21    17.98       6 21    17.37       8 21    17.18
  13   22    8       7 22    19.16       5 22    18.99
  13   23    8       7 23    19.87       5 23    19.79       8 23    19.03
  13   24    8       7 24    21.53       5 24    21.17      13  8    20.65
  13   25    8       5 25    18.98
  13   26    8       5 26    19.82
  13   27    8       5 27    20.30
  13   28    8       5 28    20.68       4 28    19.96
  13   29    8       5 29    21.22       4 29    20.46
  13   30    8       5 30    22.83
  13   31    8       5 31    23.63
  13   32    8       5 32    24.62
  14    1    8      14  1     1.73
  14    2    8      14  2     3.39
  14    3    8      14  3     5.13
  14    4    8      14  4     6.64
  14    5    8      14  5     8.49
  14    6    8      14  6    10.25
  14    7    8      14  7    11.91
  14    8    8      14  8    13.64
  14    9    8       7  9    11.50
  14   10    8       7 10    12.65
  14   11    8       7 11    14.17
  14   12    8       7 12    15.82
  14   13    8       7 13    16.92
  14   14    8       7 14    18.39
  14   15    8       7 15    19.69
  14   16    8       7 16    20.66
  14   17    8       7 17    17.93
  14   18    8       7 18    18.95
  14   19    8       7 19    20.18
  14   20    8       7 20    20.83
  14   21    8       7 21    22.44
  14   22    8       7 22    23.26
  14   23    8       7 23    24.48
  14   24    8       7 24    24.98
  14   25    8       5 25    18.83       4 25    18.64       7 13    18.18       7 15    18.18       7 16    18.08       7 14    18.03
  14   26    8       7 13    21.00       5 26    20.98
  14   27    8       5 27    21.36
  14   28    8       5 28    22.63       7 14    22.46
  14   29    8       5 29    23.31
  14   30    8       5 30    24.88       7 15    23.95
  14   31    8       5 31    24.92
  14   32    8       7 16    26.08       5 32    25.90
  15    1    8      15  1     1.85
  15    2    8      15  2     3.46
  15    3    8      15  3     5.33
  15    4    8      15  4     6.37
  15    5    8      15  5     8.83
  15    6    8      15  6    10.48
  15    7    8      15  7    12.13
  15    8    8      15  8    14.40
  15    9    8       5  9    11.32
  15   10    8      15  5    11.86       5 10    11.75       9 10    11.42       8 10    11.38
  15   11    8       5 11    13.70
  15   12    8       5 12    14.87
  15   13    8       5 13    16.35
  15   14    8       5 14    17.25
  15   15    8       5 15    18.25
  15   16    8       5 16    20.11      15  8    19.69
  15   17    8       5 17    17.86
  15   18    8       5 18    19.02
  15   19    8       5 19    20.09
  15   20    8       5 20    21.30
  15   21    8       5 21    22.54
  15   22    8       5 22    23.15
  15   23    8       5 23    24.29
  15   24    8       5 24    25.77
  15   25    8       5 25    22.32
  15   26    8       5 26    23.82
  15   27    8       5 27    24.20
  15   28    8       5 28    26.04
  15   29    8       5 29    25.97
  15   30    8       5 30    27.69
  15   31    8       5 31    27.75
  15   32    8       5 32    30.19
  16    1    8      16  1     1.87
  16    2    8      16  2     3.59
  16    3    8      16  3     5.32
  16    4    8      16  4     6.97
  16    5    8      16  5     8.61
  16    6    8      16  6    10.25
  16    7    8      16  7    12.12
  16    8    8      16  8    14.75
  16    9    8       8  9    12.27
  16   10    8       8 10    13.59
  16   11    8       8 11    14.58
  16   12    8       8 12    16.50
  16   13    8       8 13    17.59
  16   14    8       8 14    19.27
  16   15    8       8 15    20.75
  16   16    8       8 16    21.81
  16   17    8       4 17    17.75       8 17    17.58
  16   18    8       4 18    18.76       8 18    18.34
  16   19    8       4 19    19.52       8 19    18.74
  16   20    8       4 20    20.75       8 20    20.02
  16   21    8       4 21    21.85       8 21    21.07
  16   22    8       4 22    22.58       8 22    22.57
  16   23    8       4 23    23.88       8 23    23.41
  16   24    8       8 24    24.78       4 24    24.57
  16   25    8       4 25    22.03
  16   26    8       4 26    22.82
  16   27    8       4 27    23.92
  16   28    8       4 28    24.98
  16   29    8       4 29    25.70
  16   30    8       4 30    26.89
  16   31    8       4 31    27.82
  16   32    8       4 32    28.50       8 16    27.79
  17    1    8      17  1     1.84
  17    2    8      17  2     3.64
  17    3    8      17  3     5.71
  17    4    8      17  4     7.20
  17    5    8      17  5     9.17
  17    6    8      17  6    10.84
  17    7    8      17  7    12.67
  17    8    8      17  8    14.24
  17    9    8       9  9    10.80      10  9    10.69       6  9    10.60      11  9    10.39       7  9    10.33
  17   10    8      10 10    12.21      17  5    11.93       9 10    11.83       7 10    11.74
  17   11    8       9 11    13.33      10 11    13.03      11 11    12.67
  17   12    8       9 12    14.46      10 12    14.32       7 12    14.18      17  6    14.15       6 12    13.99
  17   13    8       9 13    16.03      10 13    15.41
  17   14    8       9 14    17.06      10 14    16.86      11 14    16.59       6 14    16.36
  17   15    8       9 15    18.26       7 15    17.74      10 15    17.68       6 15    17.53      11 15    17.34
  17   16    8       9 16    19.63      17  8    19.34      10 16    19.20       7 16    18.81       6 16    18.69
  17   17    8       7 17    16.59       6 17    16.59
  17   18    8       7 18    17.43       6 18    16.92       5 18    16.60
  17   19    8       6 19    19.14
  17   20    8       6 20    20.12       7 20    19.46
  17   21    8       6 21    21.28
  17   22    8       6 22    22.13       7 22    21.09
  17   23    8       6 23    23.19
  17   24    8       6 24    24.26       7 24    23.05
  17   25    8       5 25    20.52
  17   26    8       5 26    21.60
  17   27    8       5 27    22.79
  17   28    8       5 28    23.21
  17   29    8       5 29    24.09
  17   30    8       5 30    24.83
  17   31    8       5 31    25.67
  17   32    8       5 32    26.72       6 32    25.89
  18    1    8      18  1     1.87       9  1     1.82
  18    2    8      18  2     3.60       9  2     3.52
  18    3    8      18  3     5.49       9  3     5.36
  18    4    8      18  4     7.03       9  4     6.91
  18    5    8      18  5     9.69
  18    6    8      18  6    11.31
  18    7    8      18  7    13.10       9  7    12.51
  18    8    8      18  8    14.59       9  8    14.03
  18    9    8       9  9    12.75       6  9    12.28
  18   10    8       9 10    14.52
  18   11    8       9 11    15.81       6 11    15.52
  18   12    8       9 12    17.51       6 12    16.77
  18   13    8       6 13    18.19       9 13    18.18
  18   14    8       9 14    20.58
  18   15    8       9 15    22.13
  18   16    8       9 16    23.53       6 16    22.54
  18   17    8       6 17    18.94
  18   18    8       6 18    20.26
  18   19    8       6 19    21.68
  18   20    8       6 20    22.37
  18   21    8       6 21    24.04
  18   22    8       6 22    24.63
  18   23    8       6 23    26.06
  18   24    8       6 24    27.91
  18   25    8       5 25    21.28       3 25    20.90       6 25    20.60       4 25    20.23
  18   26    8       9 13    22.39       3 26    22.28       5 26    22.05       6 26    21.95       6 13    21.47
  18   27    8       5 27    23.19       3 27    23.07
  18   28    8       6 28    24.81       5 28    23.90       9 14    23.81
  18   29    8       3 29    24.90       5 29    24.58       6 29    24.12       4 29    23.67
  18   30    8       3 30    25.32       9 15    25.14       5 30    25.12       6 30    24.92       6 15    24.76       4 30    24.22
  18   31    8       6 31    27.14       3 31    26.70       5 31    26.41
  18   32    8       9 16    28.30       5 32    27.62       6 16    26.93
  19    1    8      19  1     1.88
  19    2    8      19  2     3.66
  19    3    8      19  3     5.60
  19    4    8      19  4     7.83
  19    5    8      19  5     9.30
  19    6    8      19  6    11.49
  19    7    8      19  7    13.32
  19    8    8      19  8    15.30
  19    9    8      10  9    11.36      11  9    11.09       7  9    10.88
  19   10    8       7 10    12.23      19  5    12.19      10 10    12.13      12 10    12.00      11 10    11.99       8 10    11.87       9 10    11.77       5 10    11.65
  19   11    8       7 11    13.82       9 11    13.28      11 11    13.25       8 11    13.24
  19   12    8      10 12    15.24       7 12    14.98      11 12    14.58
  19   13    8       7 13    16.13      11 13    16.05       8 13    15.62      10 13    15.59
  19   14    8      10 14    17.69      11 14    17.48       7 14    17.33       8 14    16.96
  19   15    8       7 15    18.77      10 15    18.75      11 15    18.33       8 15    18.17       9 15    18.05      12 15    17.94
  19   16    8      10 16    20.73       7 16    20.13      19  8    19.81
  19   17    8       7 17    18.13
  19   18    8       7 18    18.85       5 18    18.02
  19   19    8       7 19    20.03       5 19    19.36
  19   20    8       7 20    21.12       5 20    20.45
  19   21    8       7 21    22.23       5 21    21.52
  19   22    8       7 22    23.37       5 22    22.21
  19   23    8       7 23    24.31       5 23    23.54
  19   24    8       7 24    25.20       5 24    24.70
  19   25    8       5 25    22.26
  19   26    8       5 26    23.03
  19   27    8       5 27    23.35       4 27    22.34
  19   28    8       5 28    24.97
  19   29    8       5 29    25.93
  19   30    8       5 30    26.60
  19   31    8       5 31    27.62
  19   32    8       5 32    28.58
  20    1    8      20  1     2.04      10  1     1.95
  20    2    8      20  2     4.00
  20    3    8      20  3     5.80
  20    4    8      20  4     7.54      10  4     7.36
  20    5    8      10  5     9.44      20  5     9.16
  20    6    8      10  6    11.29      20  6    11.16
  20    7    8      20  7    13.97
  20    8    8      20  8    15.81      10  8    15.38
  20    9    8      10  9    13.15
  20   10    8      10 10    14.52       5 10    13.84
  20   11    8      10 11    16.06
  20   12    8      10 12    18.25
  20   13    8      10 13    19.06
  20   14    8      10 14    21.36
  20   15    8      10 15    22.89
  20   16    8      10 16    24.79
  20   17    8       5 17    18.97       4 17    18.68
  20   18    8       5 18    20.76       4 18    19.90
  20   19    8       5 19    21.35       4 19    20.82
  20   20    8       5 20    22.99       4 20    22.08
  20   21    8       5 21    24.19
  20   22    8       5 22    25.16
  20   23    8       5 23    25.97       4 23    25.43
  20   24    8       5 24    27.87
  20   25    8       5 25    24.12       4 25    22.92
  20   26    8       5 26    24.85       4 26    24.43
  20   27    8       5 27    25.81       4 27    24.84
  20   28    8       5 28    27.29       4 28    26.44
  20   29    8       5 29    29.15
  20   30    8       5 30    29.54
  20   31    8       5 31    29.78       4 31    28.74
  20   32    8       5 32    32.18
  21    1    8      21  1     1.99
  21    2    8      21  2     3.91
  21    3    8      21  3     5.84
  21    4    8      21  4     8.01
  21    5    8      21  5     9.57
  21    6    8      21  6    11.93
  21    7    8      21  7    13.89
  21    8    8      21  8    16.66
  21    9    8       7  9    13.30
  21   10    8       7 10    14.57
  21   11    8       7 11    16.36
  21   12    8       7 12    18.06
  21   13    8       7 13    19.51
  21   14    8       7 14    21.27
  21   15    8       7 15    22.68
  21   16    8       7 16    23.99
  21   17    8       7 17    19.85
  21   18    8       7 18    21.60
  21   19    8       7 19    22.15
  21   20    8       7 20    24.18
  21   21    8       7 21    25.07
  21   22    8       7 22    26.77
  21   23    8       7 23    26.80
  21   24    8       7 24    28.66
  21   25    8       5 25    21.40       3 25    21.35       4 25    20.41
  21   26    8       3 26    23.00       5 26    22.54       7 13    22.15
  21   27    8       5 27    23.47       3 27    23.09
  21   28    8       5 28    24.37       7 14    23.77       3 28    23.52
  21   29    8       5 29    25.12       3 29    24.63
  21   30    8       7 15    26.26       5 30    25.95       3 30    25.22
  21   31    8       5 31    27.01       4 31    25.83
  21   32    8       7 16    28.35       6 32    28.09       5 32    27.92
  22    1    8      11  1     2.08
  22    2    8      22  2     4.04      11  2     4.01
  22    3    8      22  3     5.84      11  3     5.81
  22    4    8      22  4     8.15      11  4     7.81
  22    5    8      22  5    10.35      11  5     9.96
  22    6    8      11  6    12.34      22  6    12.18
  22    7    8      22  7    14.12      11  7    13.95
  22    8    8      11  8    17.02      22  8    16.50
  22    9    8      11  9    13.64
  22   10    8      11 10    14.28
  22   11    8      11 11    16.52
  22   12    8      11 12    17.85
  22   13    8      11 13    19.37
  22   14    8      11 14    21.04
  22   15    8      11 15    23.21
  22   16    8      11 16    24.14
  22   17    8       6 17    17.92       7 17    17.34       5 17    17.23       8 17    17.07
  22   18    8       6 18    19.10       7 18    18.59       5 18    18.41       8 18    18.16
  22   19    8       6 19    20.32       7 19    19.32
  22   20    8       6 20    21.81
  22   21    8       6 21    22.14       5 21    21.56       7 21    21.36       8 21    21.29
  22   22    8       6 22    23.46       7 22    22.88       5 22    22.54       8 22    22.40
  22   23    8       6 23    24.39       7 23    24.06       8 23    23.23       5 23    23.22
  22   24    8       6 24    26.13
  22   25    8       5 25    21.47       4 25    21.27       6 25    21.23
  22   26    8       5 26    22.76      11 13    22.05       4 26    22.02
  22   27    8       5 27    23.84       4 27    22.95
  22   28    8       5 28    24.96       4 28    24.17      11 14    23.81
  22   29    8       5 29    26.08       4 29    25.00
  22   30    8       5 30    27.01
  22   31    8       5 31    27.76       4 31    26.45
  22   32    8       5 32    29.05      11 16    28.88       6 32    28.74       4 32    27.92
  23    1    8      23  1     2.07
  23    2    8      23  2     4.24
  23    3    8      23  3     6.01
  23    4    8      23  4     7.98
  23    5    8      23  5    10.05
  23    6    8      23  6    11.86
  23    7    8      23  7    13.68      12  7    13.06
  23    8    8      23  8    16.61
  23    9    8       9  9    12.10       8  9    12.03      10  9    11.89
  23   10    8       8 10    13.51       9 10    13.46      23  5    13.06      10 10    13.04
  23   11    8       9 11    14.88       8 11    14.78      10 11    14.48       6 11    14.19
  23   12    8       8 12    16.51       9 12    16.46      10 12    16.02       6 12    15.86       7 12    15.81
  23   13    8       9 13    17.91       8 13    17.83       6 13    17.05
  23   14    8       9 14    19.34       8 14    19.11      10 14    18.49       7 14    18.44       6 14    18.39
  23   15    8       9 15    21.05       8 15    20.75
  23   16    8       8 16    21.77      10 16    21.54       7 16    21.34       9 16    21.32       6 16    21.13      23  8    21.07
  23   17    8       6 17    18.54       7 17    17.73       5 17    17.72       8 17    17.70
  23   18    8       6 18    19.58       7 18    18.81       5 18    18.79
  23   19    8       6 19    21.08
  23   20    8       6 20    22.23       7 20    21.17
  23   21    8       6 21    23.10       7 21    22.37       5 21    22.03
  23   22    8       6 22    24.30       5 22    23.50       7 22    23.28
  23   23    8       6 23    25.45       7 23    24.62       5 23    24.22
  23   24    8       6 24    26.83       5 24    25.55
  23   25    8       5 25    22.68
  23   26    8       5 26    23.88       4 26    23.21
  23   27    8       5 27    24.99
  23   28    8       5 28    25.88
  23   29    8       5 29    26.54       4 29    25.75
  23   30    8       5 30    27.78
  23   31    8       5 31    28.43       4 31    27.07
  23   32    8       6 32    29.98       5 32    29.72
  24    1    8      12  1     2.12
  24    2    8      12  2     4.27      24  2     4.06
  24    3    8      12  3     6.34      24  3     6.12
  24    4    8      12  4     8.69
  24    5    8      12  5    11.06
  24    6    8      12  6    13.08
  24    7    8      12  7    15.85
  24    8    8      12  8    17.83
  24    9    8       8  9    13.64      12  9    13.30
  24   10    8       8 10    15.22      12 10    14.98
  24   11    8       8 11    16.85       6 11    16.67      12 11    16.19
  24   12    8       8 12    18.66      12 12    18.03       6 12    18.02
  24   13    8       8 13    20.10       6 13    19.88      12 13    19.45
  24   14    8       8 14    22.04      12 14    21.06       6 14    20.99
  24   15    8       8 15    23.89       6 15    22.87
  24   16    8      12 16    25.16       8 16    25.07       6 16    24.63
  24   17    8       6 17    20.39       4 17    19.65       8 17    19.64
  24   18    8       6 18    21.63       8 18    20.74       4 18    20.70
  24   19    8       6 19    23.00
  24   20    8       6 20    23.81       4 20    22.99
  24   21    8       6 21    25.62
  24   22    8       6 22    26.77       8 22    25.73
  24   23    8       6 23    28.01       8 23    26.84
  24   24    8       6 24    29.70
  24   25    8       4 25    24.00       6 25    23.01
  24   26    8       4 26    24.87       5 26    24.36
  24   27    8       5 27    25.43       6 27    25.21       4 27    24.42
  24   28    8       4 28    26.60       5 28    26.58       6 28    26.54
  24   29    8       4 29    27.80       5 29    27.54
  24   30    8       4 30    28.91       5 30    28.32
  24   31    8       4 31    30.30       5 31    29.46       6 31    28.81
  24   32    8       6 32    31.84       4 32    31.08       8 16    30.45       5 32    30.42
  25    1    8      25  1     2.00      13  1     1.96
  25    2    8      25  2     3.84      14  2     3.75      13  2     3.73      15  2     3.69
  25    3    8      25  3     5.92      13  3     5.78      15  3     5.64      14  3     5.63
  25    4    8      25  4     7.97
  25    5    8      25  5     9.59      13  5     9.57      14  5     9.46      15  5     9.19
  25    6    8      13  6    11.61      14  6    11.28      25  6    11.20      15  6    11.13
  25    7    8      25  7    13.75      13  7    13.54      14  7    13.09
  25    8    8      25  8    15.67      14  8    14.92      13  8    14.92
  25    9    8       9  9    12.66       5  9    12.26      10  9    12.06
  25   10    8       9 10    13.96       5 10    13.82       7 10    13.36      10 10    13.34
  25   11    8       5 11    16.00       9 11    15.93
  25   12    8       5 12    17.45       9 12    17.27      10 12    16.99
  25   13    8       5 13    18.91       9 13    18.28
  25   14    8       5 14    20.57       9 14    20.09      10 14    19.61
  25   15    8       5 15    21.60       9 15    21.52      10 15    21.10       7 15    20.64
  25   16    8       5 16    22.90       9 16    22.76      10 16    22.41       7 16    22.26
  25   17    8       5 17    20.25
  25   18    8       5 18    21.36
  25   19    8       5 19    22.68
  25   20    8       5 20    23.84
  25   21    8       5 21    25.22
  25   22    8       5 22    26.55
  25   23    8       5 23    27.85
  25   24    8       5 24    29.26
  25   25    8       5 25    25.42
  25   26    8       5 26    26.00
  25   27    8       5 27    25.79
  25   28    8       5 28    28.81
  25   29    8       5 29    29.80
  25   30    8       5 30    30.40
  25   31    8       5 31    32.53
  25   32    8       5 32    33.49
  26    1    8      13  1     2.30
  26    2    8      13  2     4.47
  26    3    8      13  3     6.76
  26    4    8      13  4     8.87
  26    5    8      13  5    11.34
  26    6    8      13  6    13.56
  26    7    8      13  7    16.07
  26    8    8      13  8    17.88
  26    9    8      13  9    12.91      10  9    12.49       9  9    12.44
  26   10    8      10 10    14.32      13 10    14.27       9 10    14.09      13  5    13.84       7 10    13.66
  26   11    8      10 11    15.94       9 11    15.73      13 11    15.61       7 11    15.37
  26   12    8      13 12    17.77       9 12    17.36      10 12    17.03       7 12    17.03
  26   13    8      13 13    18.55       9 13    18.53      10 13    18.52       7 13    18.45      11 13    17.91
  26   14    8       9 14    20.70      10 14    19.79      13 14    19.68
  26   15    8       9 15    21.82      10 15    21.31       7 15    21.23      11 15    21.03      13 15    21.02
  26   16    8      13 16    24.52      10 16    23.33
  26   17    8       7 17    19.84
  26   18    8       7 18    20.49
  26   19    8       7 19    22.04
  26   20    8       7 20    23.33
  26   21    8       7 21    24.51
  26   22    8       7 22    25.62
  26   23    8       7 23    26.50
  26   24    8       7 24    27.47       6 24    26.39
  26   25    8       5 25    22.72       4 25    22.27
  26   26    8       5 26    23.70       4 26    23.13
  26   27    8       5 27    23.77       6 27    23.27       4 27    23.10
  26   28    8       5 28    25.60       4 28    24.75
  26   29    8       5 29    26.59       4 29    25.88
  26   30    8       5 30    27.59       4 30    26.63
  26   31    8       5 31    28.69       4 31    27.56
  26   32    8       5 32    29.69       6 32    28.77       4 32    28.43      13 16    28.37
  27    1    8       9  1     2.10      15  1     2.05      14  1     2.01      27  1     2.01
  27    2    8       9  2     4.16
  27    3    8       9  3     6.56
  27    4    8       9  4     8.57
  27    5    8       9  5    10.78
  27    6    8       9  6    12.93
  27    7    8       9  7    14.99      27  7    14.36
  27    8    8       9  8    16.97
  27    9    8       9  9    14.29
  27   10    8       9 10    16.19
  27   11    8       9 11    18.14
  27   12    8       9 12    20.87
  27   13    8       9 13    21.44
  27   14    8       9 14    23.33
  27   15    8       9 15    25.32
  27   16    8       9 16    26.58
  27   17    8       9 17    19.77       6 17    18.95
  27   18    8       9 18    21.07       6 18    20.19       7 18    20.03
  27   19    8       9 19    21.89       7 19    21.63       6 19    21.09
  27   20    8       9 20    24.07
  27   21    8       9 21    24.74
  27   22    8       9 22    26.62       7 22    25.38
  27   23    8       9 23    27.55       7 23    26.21
  27   24    8       9 24    28.76       7 24    27.53
  27   25    8       5 25    23.30       4 25    22.49
  27   26    8       5 26    24.25       9 13    24.11       3 26    23.41       4 26    23.27
  27   27    8       5 27    24.45       4 27    23.71       6 27    23.55       9 15    23.50       3 27    23.36
  27   28    8       5 28    26.31       9 14    25.89       4 28    25.18
  27   29    8       5 29    27.25       4 29    26.34
  27   30    8       5 30    28.44       4 30    27.08       9 15    27.05
  27   31    8       5 31    28.74       4 31    27.66
  27   32    8       5 32    30.61       9 16    29.99       6 32    29.78       4 32    29.35
  28    1    8      14  1     2.31
  28    2    8      14  2     4.56
  28    3    8      14  3     6.95
  28    4    8      14  4     9.32
  28    5    8      14  5    11.48
  28    6    8      14  6    14.12
  28    7    8      14  7    16.41
  28    8    8      14  8    18.46
  28    9    8       7  9    13.97
  28   10    8       7 10    15.75
  28   11    8       7 11    17.95
  28   12    8       7 12    19.65
  28   13    8       7 13    21.12
  28   14    8       7 14    23.00
  28   15    8       7 15    24.63
  28   16    8       7 16    26.00      14 16    24.80
  28   17    8       7 17    21.22
  28   18    8       7 18    22.83
  28   19    8       7 19    23.95
  28   20    8       7 20    25.63
  28   21    8       7 21    26.46
  28   22    8       7 22    28.64
  28   23    8       7 23    29.56
  28   24    8       7 24    30.47
  28   25    8       4 25    24.30       5 25    23.73
  28   26    8       4 26    25.33       5 26    24.71
  28   27    8       4 27    25.02       5 27    25.02       6 27    24.27
  28   28    8       4 28    27.21       5 28    26.61
  28   29    8       4 29    28.44       5 29    27.37
  28   30    8       4 30    29.50       5 30    28.86
  28   31    8       4 31    30.66       5 31    29.86
  28   32    8       4 32    31.93       5 32    31.16       6 32    30.53
  29    1    8      15  1     2.08      29  1     2.04      16  1     2.01      17  1     1.99
  29    2    8      29  2     4.06      15  2     4.06      16  2     4.04      17  2     3.95
  29    3    8      15  3     6.19      29  3     6.12      16  3     5.93
  29    4    8      16  4     8.03      29  4     7.99      11  4     7.80      19  4     7.74      17  4     7.68      10  4     7.68      15  4     7.68
  29    5    8      15  5    10.45      16  5     9.97      29  5     9.94
  29    6    8      15  6    12.39      16  6    12.18
  29    7    8      29  7    14.80      15  7    14.76
  29    8    8      29  8    17.06      15  8    16.37
  29    9    8      11  9    13.03       6  9    12.95       8  9    12.57       9  9    12.46      10  9    12.41      12  9    12.38
  29   10    8       8 10    14.54      11 10    14.36       9 10    14.32      12 10    14.15      10 10    14.07
  29   11    8      11 11    16.06      10 11    15.92       9 11    15.77       6 11    15.68       8 11    15.64      12 11    15.57
  29   12    8      10 12    17.78      11 12    17.75       8 12    17.53       9 12    17.09       6 12    17.04      12 12    17.03
  29   13    8      11 13    19.26      10 13    19.05       8 13    18.90       9 13    18.62       6 13    18.57      12 13    18.33
  29   14    8      10 14    20.66       8 14    20.62      11 14    20.29      12 14    20.12       6 14    20.10       9 14    20.04
  29   15    8      10 15    22.82      11 15    22.22       8 15    22.14
  29   16    8      10 16    24.33      12 16    23.60       8 16    23.44       9 16    23.26      11 16    23.17
  29   17    8       6 17    19.59       5 17    19.21       8 17    19.05       7 17    18.92
  29   18    8       6 18    21.04       8 18    20.27       5 18    20.13       7 18    20.08
  29   19    8       6 19    22.29       5 19    21.50       8 19    21.38       7 19    21.21
  29   20    8       6 20    23.22       5 20    22.65       7 20    22.43       8 20    22.34
  29   21    8       6 21    24.70       8 21    24.00       5 21    23.96       7 21    23.70
  29   22    8       6 22    26.03       5 22    25.23       7 22    24.83       8 22    24.77
  29   23    8       6 23    26.46       8 23    26.35       5 23    26.34       7 23    26.21
  29   24    8       6 24    28.38       5 24    27.66       7 24    27.31       8 24    27.09
  29   25    8       5 25    23.75       6 25    23.07
  29   26    8       5 26    25.55
  29   27    8       5 27    25.61       6 27    25.09
  29   28    8       5 28    27.46
  29   29    8       5 29    28.14
  29   30    8       5 30    29.69
  29   31    8       5 31    30.67
  29   32    8       5 32    31.74       6 32    31.05
  30    1    8      15  1     2.39
  30    2    8      15  2     4.83
  30    3    8      15  3     7.20
  30    4    8      10  4     9.14      15  4     8.91
  30    5    8      15  5    11.91
  30    6    8      15  6    14.14      10  6    13.67
  30    7    8      15  7    17.16
  30    8    8      15  8    19.67
  30    9    8      10  9    14.95       6  9    14.45
  30   10    8      10 10    16.96       6 10    16.24
  30   11    8      10 11    18.37       6 11    17.62
  30   12    8      10 12    20.26
  30   13    8      10 13    22.09
  30   14    8      10 14    23.82
  30   15    8      10 15    25.58
  30   16    8      10 16    27.87
  30   17    8       5 17    21.04       6 17    20.98
  30   18    8       6 18    22.76       5 18    22.06
  30   19    8       6 19    24.06       5 19    23.34
  30   20    8       6 20    25.34       5 20    24.89
  30   21    8       6 21    26.83       5 21    25.94
  30   22    8       6 22    27.08       5 22    26.94
  30   23    8       6 23    28.88       5 23    28.55
  30   24    8       6 24    30.85       5 24    30.25
  30   25    8       5 25    25.96
  30   26    8       5 26    26.96
  30   27    8       5 27    27.31
  30   28    8       5 28    29.28       6 28    28.75
  30   29    8       5 29    30.44
  30   30    8       5 30    31.95       6 30    30.54
  30   31    8       5 31    31.94
  30   32    8       5 32    34.44       6 32    33.58
  31    1    8      16  1     2.12      17  1     2.07      19  1     2.04      11  1     2.03      20  1     2.02
  31    2    8      17  2     4.11      21  2     4.09      16  2     4.09      18  2     4.00      19  2     4.00      11  2     3.94      20  2     3.93      12  2     3.91
  31    3    8      16  3     6.18      11  3     6.07      19  3     6.00      12  3     5.98      20  3     5.97      18  3     5.95      17  3     5.93      13  3     5.92      14  3     5.89
  31    4    8      11  4     8.20      19  4     8.09      17  4     8.04      12  4     8.02      18  4     7.94
  31    5    8      16  5    10.75
  31    6    8      16  6    12.23      17  6    12.19      12  6    12.16      19  6    12.12      11  6    12.08      20  6    11.93      18  6    11.92      22  6    11.88      23  6    11.85      14  6    11.82      13  6    11.82      21  6    11.70
  31    7    8      16  7    14.67      18  7    14.60      12  7    14.39      17  7    14.30      11  7    14.23      19  7    14.07      21  7    14.02      20  7    13.95
  31    8    8      16  8    16.63      11  8    16.40      17  8    16.27      12  8    16.11      19  8    16.07      13  8    15.90      20  8    15.80
  31    9    8       8  9    13.64       9  9    13.42      12  9    13.24      11  9    12.99
  31   10    8       8 10    15.07       9 10    14.88      12 10    14.83      10 10    14.56       7 10    14.55
  31   11    8       9 11    16.47       8 11    16.40      11 11    16.08      10 11    15.79      12 11    15.75       7 11    15.69
  31   12    8      11 12    18.42       8 12    18.37       9 12    17.92       7 12    17.78      12 12    17.76      10 12    17.71
  31   13    8       8 13    19.62       9 13    19.50       7 13    19.31      12 13    19.24      11 13    19.22      10 13    19.18
  31   14    8       9 14    21.26       8 14    21.13      12 14    20.74      11 14    20.73       7 14    20.69      10 14    20.24
  31   15    8       8 15    23.14       9 15    22.62       7 15    22.42      11 15    22.35
  31   16    8       8 16    24.42      11 16    24.27      12 16    24.18       9 16    23.90      10 16    23.88       7 16    23.76
  31   17    8       7 17    19.63       6 17    19.08       8 17    18.95       9 17    18.86       4 17    18.81       5 17    18.70
  31   18    8       7 18    21.46
  31   19    8       7 19    22.41
  31   20    8       7 20    23.59       6 20    22.47
  31   21    8       7 21    24.77       8 21    24.10       6 21    23.74
  31   22    8       7 22    25.80       8 22    25.09       9 22    24.63
  31   23    8       7 23    26.99       8 23    26.42
  31   24    8       7 24    28.54       6 24    27.37       8 24    27.24       5 24    27.12
  31   25    8       5 25    23.76       4 25    23.04
  31   26    8       5 26    24.59       4 26    24.10
  31   27    8       5 27    24.93       4 27    24.15       6 27    24.10
  31   28    8       5 28    26.82       4 28    25.93
  31   29    8       5 29    27.63       4 29    26.55
  31   30    8       5 30    28.80       4 30    27.87
  31   31    8       5 31    29.82       4 31    28.59
  31   32    8       5 32    30.98       6 32    30.54       4 32    30.14
  32    1    8      16  1     2.41
  32    2    8      16  2     4.80
  32    3    8      16  3     7.16
  32    4    8      16  4     9.59
  32    5    8      16  5    11.79
  32    6    8      16  6    14.45
  32    7    8      16  7    16.45
  32    8    8      16  8    19.00
  32    9    8       8  9    14.98
  32   10    8       8 10    16.81
  32   11    8       8 11    17.91
  32   12    8       8 12    20.34
  32   13    8       8 13    21.52
  32   14    8       8 14    23.67
  32   15    8       8 15    25.72
  32   16    8       8 16    27.77
  32   17    8       8 17    21.07       4 17    20.64
  32   18    8       8 18    22.61       4 18    21.91       7 18    21.88
  32   19    8       8 19    23.23       7 19    22.89       4 19    22.38
  32   20    8       4 20    24.15       7 20    24.00       8 20    23.26       6 20    23.09
  32   21    8       8 21    26.32       7 21    25.33       4 21    25.12
  32   22    8       8 22    27.29       7 22    26.53       4 22    25.94
  32   23    8       8 23    29.02
  32   24    8       8 24    30.80
  32   25    8       4 25    24.70       5 25    23.78
  32   26    8       4 26    25.96       5 26    24.85
  32   27    8       4 27    25.93       5 27    25.45
  32   28    8       4 28    27.97       5 28    27.57
  32   29    8       4 29    29.14       5 29    28.35
  32   30    8       4 30    30.24       5 30    29.60
  32   31    8       4 31    31.09       5 31    30.73
  32   32    8       4 32    32.32       5 32    31.76       6 32    31.44       8 16    30.94
(16,16*16)T(16,n) 32
 256    1   16      27  1     3.96      24  1     3.94      22  1     3.91      23  1     3.89      21  1     3.86      25  1     3.85      20  1     3.84      19  1     3.84      26  1     3.84      29  1     3.80
 256    2   16      22  2     8.04      27  2     8.00      24  2     7.98      16  2     7.94      21  2     7.92      23  2     7.90      29  2     7.90      19  2     7.87      25  2     7.85      20  2     7.83      14  2     7.75      13  2     7.74      26  2     7.74      18  2     7.70      15  2     7.69
 256    3   16      22  3    11.98      24  3    11.97      27  3    11.83      20  3    11.78      21  3    11.77      19  3    11.66      25  3    11.66      29  3    11.57      16  3    11.51      13  3    11.49      26  3    11.48      14  3    11.42
 256    4   16      24  4    16.05      22  4    16.05      27  4    16.02      21  4    15.81      25  4    15.78      20  4    15.78      19  4    15.77      16  4    15.60      29  4    15.55      26  4    15.34      13  4    15.28      14  4    15.28
 256    5   16      22  5    19.93      24  5    19.91      20  5    19.83      19  5    19.64      25  5    19.62      21  5    19.54      29  5    19.53      16  5    19.11      26  5    19.02      18  5    19.00      14  5    18.98      15  5    18.94
 256    6   16      24  6    24.30      22  6    24.27      20  6    23.98      19  6    23.82      27  6    23.78      25  6    23.78      16  6    23.74      21  6    23.65      29  6    23.59      26  6    23.19      18  6    23.14      13  6    23.14
 256    7   16      22  7    28.53      21  7    27.83      20  7    27.81      19  7    27.81      24  7    27.80      16  7    27.51      25  7    27.24
 256    8   16      22  8    32.06      27  8    32.04      19  8    31.83      25  8    31.74      13  8    31.22      24  8    31.12      14  8    31.09      21  8    30.87      18  8    30.81      12  8    30.68      20  8    30.66      16  8    30.55      15  8    30.52
 256    9   16      14  9    21.46      10  9    21.39      12  9    20.94       9  9    20.66      11  9    20.51
 256   10   16      10 10    23.28      12 10    23.05       9 10    22.95       8 10    22.93      13 10    22.85      14 10    22.46      11 10    22.14
 256   11   16       9 11    24.13      11 11    23.94       8 11    23.89      13 11    23.49      12 11    23.43      14 11    23.34      10 11    23.27
 256   12   16       8 12    26.65      13 12    26.44      10 12    26.25      11 12    26.05      12 12    25.96       9 12    25.91      14 12    25.56
 256   13   16       9 13    27.57       8 13    26.78      10 13    26.71      13 13    26.47      14 13    26.39      12 13    26.35      11 13    26.30
 256   14   16      10 14    30.05       9 14    29.76      12 14    28.98      11 14    28.97      13 14    28.96       8 14    28.88
 256   15   16       9 15    31.78       8 15    30.63      14 15    30.63      11 15    30.45      10 15    30.43
 256   16   16      10 16    34.08       8 16    33.66      11 16    33.57       9 16    33.28      13 16    33.03      12 16    32.39
 256   17   16       7 17    25.30       8 17    25.13       6 17    25.04       9 17    24.96
 256   18   16       7 18    26.96       6 18    26.49       9 18    26.31       8 18    26.20
 256   19   16       7 19    28.51       6 19    27.88       8 19    27.57       9 19    27.33
 256   20   16       7 20    29.51       6 20    29.15       9 20    28.57
 256   21   16       7 21    31.07       9 21    30.46       6 21    30.35
 256   22   16       7 22    31.23       6 22    31.11       9 22    30.56       5 22    30.27       8 22    29.95
 256   23   16       7 23    32.85       6 23    32.84       5 23    31.69       8 23    31.62       9 23    31.28
 256   24   16       6 24    34.24       7 24    34.14       5 24    33.12       9 24    32.87
 256   25   16       5 25    28.04       6 25    27.45
 256   26   16       5 26    29.55       6 26    28.56
 256   27   16       5 27    30.66       6 27    29.73
 256   28   16       5 28    32.23       6 28    31.15
 256   29   16       5 29    32.58       6 29    31.68
 256   30   16       5 30    33.82       6 30    32.69
 256   31   16       5 31    34.99
 256   32   16       5 32    36.12       6 32    35.79
(16,n)T(16,16*16) 32
   1  256   16       1 56    17.66       1 54    17.43       1 52    17.35       1 53    16.96       1 55    16.92
   2  256   16       2 52    29.69
   3  256   16       3 56    34.39
   4  256   16       4 40    36.07       4 32    35.27
   5  256   16       5 32    41.50
   6  256   16       6 32    40.68       6 24    38.71
   7  256   16       7 24    38.81
   8  256   16       4 48    39.21       4 40    39.12       4 32    37.92       4 39    37.58       4 45    37.42       4 47    37.32
   9  256   16       3 56    40.05       3 54    39.18       5 32    39.04       9 16    38.59       3 52    38.56       3 55    38.41
  10  256   16       5 32    41.36
  11  256   16       6 32    39.33
  12  256   16       6 32    38.84
  13  256   16       7 24    36.19       8 24    36.12       5 32    35.58       9 24    34.54
  14  256   16       5 32    35.32       8 24    35.21       9 24    34.16       5 40    33.64
  15  256   16       5 32    36.15       9 24    35.44       3 56    35.32       5 40    34.71       6 32    34.70       8 24    34.60
  16  256   16       6 32    34.35       9 24    34.23       8 24    33.87       9 16    33.87       4 48    33.62       4 44    33.21      10 16    32.77
  17  256   16       6 32    35.05
  18  256   16       6 32    33.47       5 32    32.12
  19  256   16       5 32    31.12       7 24    31.02       6 32    30.35       5 40    30.31      12 16    29.60      11 16    29.59       4 48    29.58
  20  256   16       5 32    31.99       6 32    30.70
  21  256   16       6 32    29.71       8 24    29.14      12 16    28.69
  22  256   16       6 32    31.04       8 24    29.83
  23  256   16       6 32    30.20
  24  256   16       6 32    29.79       5 32    29.30
  25  256   16       5 32    28.92       6 32    28.37
  26  256   16       6 32    28.99       5 32    27.66
  27  256   16       6 32    29.30
  28  256   16       6 32    29.45       5 32    28.40
  29  256   16       6 32    29.62       5 32    28.66
  30  256   16       6 32    29.10       5 32    28.13
  31  256   16       6 32    28.33       5 32    27.52
  32  256   16       6 32    28.74       5 32    27.90       4 48    27.77
