square 64
   1    1    1       1  1     0.04
   2    2    2       2  2     0.31       1  2     0.30
   3    3    3       3  3     0.83
   4    4    4       4  4     1.76       2  4     1.68
   5    5    5       5  5     2.40
   6    6    6       6  6     3.51
   7    7    7       7  4     3.26       4  7     3.23       7  6     3.20       5  7     3.20       7  5     3.15
   8    8    8       8  4     4.72
   9    9    9       9  6     4.35       9  5     4.19
  10   10   10       5 10     5.32
  11   11   11      11  4     4.92
  12   12   12      12  4     5.81       4 12     5.76       3 12     5.69
  13   13   13      13  4     5.32
  14   14   14      14  4     6.06
  15   15   15       5  8     5.23       5 10     5.21       3 14     5.18       3 12     5.15       3 13     5.10       9  6     5.04      12  4     4.99
  16   16   16       8  6     6.07       6  8     6.04      14  4     5.94       9  6     5.92       4 12     5.82       8  8     5.78      16  2     5.78
  17   17   17       9  6     5.67      17  2     5.47       6  8     5.46      14  4     5.44
  18   18   18       9  6     6.64
  19   19   19      13  4     5.78      14  4     5.76      19  2     5.75       5  8     5.64       9  6     5.57       4 12     5.56
  20   20   20       5 10     6.39      14  4     6.31       4 12     6.21      13  4     6.17
  21   21   21      14  4     5.98      13  4     5.97       9  6     5.89       3 13     5.86       3 14     5.84       6  8     5.81       8  6     5.79
  22   22   22      14  4     6.46       9  6     6.32       8  6     6.31       6  8     6.26      13  4     6.22
  23   23   23      13  4     6.14      14  4     6.10       9  6     6.10       6  8     6.00       5  8     5.96       8  6     5.95       5 10     5.87
  24   24   24      14  4     6.74       9  6     6.73       6  8     6.57       8  6     6.57       3 12     6.57       4 12     6.57      13  4     6.47
  25   25   25      14  4     6.28      13  4     6.27       9  6     6.26       5 10     6.15       3 13     6.04       5  8     6.01
  26   26   26      13  4     6.64      14  4     6.62       9  6     6.59       3 14     6.45
  27   27   27       9  6     6.57      14  4     6.52       3 14     6.45
  28   28   28      14  4     6.98       3 14     6.65
  29   29   29       9  6     6.35      13  4     6.27      14  4     6.24       6  8     6.23       5  8     6.10       8  6     6.08       3 14     6.07       4 12     6.05
  30   30   30       9  6     6.74       5 10     6.72      14  4     6.72       6  8     6.64       8  6     6.63      13  4     6.57       3 14     6.56       5  8     6.42
  31   31   31      14  4     6.48       9  6     6.37      13  4     6.34       4 12     6.20       3 14     6.17       8  6     6.16
  32   32   32      14  4     6.82       9  6     6.67       4 12     6.63       8  6     6.62       6  8     6.58      13  4     6.57       3 14     6.55       5  8     6.48
  33   33   33       9  6     6.60      14  4     6.46      13  4     6.46       3 14     6.39       5 10     6.28
  34   34   34       9  6     6.67      14  4     6.65      13  4     6.58       8  6     6.41       6  8     6.40       5 10     6.38
  35   35   35      14  4     6.48       9  6     6.48      13  4     6.35       5 10     6.28       6  8     6.25       5  8     6.20
  36   36   36       9  6     6.99      14  4     6.90      13  4     6.70       4 12     6.66       3 12     6.64
  37   37   37      13  4     6.48      14  4     6.44       9  6     6.42       5 10     6.28       6  8     6.20
  38   38   38      14  4     6.83      13  4     6.75       9  6     6.72       5 10     6.58       8  6     6.53       6  8     6.50
  39   39   39      13  4     6.67      14  4     6.63       9  6     6.52       8  6     6.34
  40   40   40      14  4     7.02       9  6     6.78       5 10     6.75       3 14     6.70       8  6     6.68       6  8     6.68
  41   41   41      14  4     6.68       9  6     6.57       3 14     6.50      13  4     6.43
  42   42   42      14  4     7.06       9  6     6.96       3 14     6.92      13  4     6.71
  43   43   43       9  6     6.66      14  4     6.59      13  4     6.54       4 12     6.39       5 10     6.38       3 14     6.34
  44   44   44      14  4     6.96       9  6     6.91      13  4     6.73       4 12     6.69
  45   45   45       9  6     6.83      14  4     6.66      13  4     6.56       3 14     6.53
  46   46   46      14  4     6.91       9  6     6.84      13  4     6.81       3 14     6.69       8  6     6.69       6  8     6.68
  47   47   47       9  6     6.72      14  4     6.70      13  4     6.70       6  8     6.48       3 14     6.46       5 10     6.46       8  6     6.43       5  8     6.39
  48   48   48      14  4     7.03       9  6     6.99       6  8     6.80       4 12     6.78       3 12     6.78       8  6     6.78       5 10     6.72      13  4     6.72       3 14     6.69
  49   49   49      14  4     6.75       9  6     6.71      13  4     6.64       3 14     6.47
  50   50   50      14  4     7.05       9  6     6.91      13  4     6.85       5 10     6.83       3 14     6.74
  51   51   51       9  6     6.81      13  4     6.77      14  4     6.74       4 12     6.52       3 14     6.51       6  8     6.49
  52   52   52      14  4     7.12      13  4     7.00       9  6     6.99
  53   53   53       9  6     6.84      14  4     6.82      13  4     6.64       6  8     6.56       5 10     6.52       3 14     6.50
  54   54   54       9  6     7.17      14  4     7.11       3 14     6.98      13  4     6.83
  55   55   55      14  4     6.92       9  6     6.77      13  4     6.74       3 14     6.71       5 10     6.59
  56   56   56      14  4     7.24       9  6     7.01       3 14     6.96
  57   57   57       9  6     6.76      14  4     6.73       3 14     6.68      13  4     6.65       5 10     6.56       4 12     6.50       6  8     6.49      19  2     6.45       8  6     6.45
  58   58   58      14  4     7.07       9  6     7.01      13  4     6.90       5 10     6.79       3 14     6.78       8  6     6.74       6  8     6.73
  59   59   59      14  4     6.86       9  6     6.83      13  4     6.79       3 14     6.62       6  8     6.60
  60   60   60       9  6     7.14      14  4     7.11      13  4     7.00       3 14     6.93       5 10     6.88       3 12     6.84       4 12     6.84       6  8     6.79
  61   61   61       9  6     6.88      14  4     6.82      13  4     6.75       3 14     6.63
  62   62   62      14  4     7.10       9  6     7.08      13  4     6.96       8  6     6.77       3 14     6.76       6  8     6.74
  63   63   63       9  6     6.98      14  4     6.91      13  4     6.85       3 14     6.72
  64   64   64      14  4     7.18       9  6     7.03      13  4     6.99       3 14     6.87       6  8     6.84
(n,n*n)T(n,n) 32
   1    1    1       1  1     0.04
   4    2    2       4  2     0.58
   9    3    3       9  3     1.78
  16    4    4      16  2     3.23      16  4     3.14
  25    5    5       9  5     3.52       8  5     3.50
  36    6    6       9  6     5.25
  49    7    7       5  7     4.66       6  7     4.45
  64    8    8      14  4     5.86      13  4     5.73       6  8     5.65       5  8     5.57
  81    9    9       9  6     5.34      14  4     5.20       9  5     5.09      13  4     5.08
 100   10   10       5 10     6.06
 121   11   11      14  4     5.57      13  4     5.55       9  6     5.46       8  6     5.32       6  8     5.31
 144   12   12       9  6     6.43      14  4     6.43      13  4     6.27       3 12     6.21       4 12     6.21       8  6     6.17
 169   13   13       3 13     5.79
 196   14   14      14  4     6.49       3 14     6.46       9  6     6.32      13  4     6.27       6  8     6.18
 225   15   15      14  4     6.07       9  6     6.07      13  4     6.04       5  8     5.89       8  6     5.80
 256   16   16       6  8     6.42      14  4     6.42       5  8     6.31      13  4     6.30       9  6     6.23       8  6     6.11
 289   17   17      14  4     6.06       9  6     6.03       5 10     6.03      13  4     5.95       8  6     5.82       4 12     5.79       6  8     5.78
 324   18   18       9  6     6.73      14  4     6.62      13  4     6.46       8  6     6.45       5 10     6.40
 361   19   19      14  4     6.10       9  6     6.09      13  4     6.03       6  8     5.93       5  8     5.87       4 12     5.84       8  6     5.83
 400   20   20      14  4     6.86      13  4     6.68       9  6     6.58
 441   21   21       9  6     6.31      14  4     6.21      13  4     6.10       6  8     6.10       8  6     6.04
 484   22   22      14  4     6.77       9  6     6.67      13  4     6.59       8  6     6.50       6  8     6.50
 529   23   23       5  8     6.12       5 10     6.07      14  4     6.02      13  4     5.96       9  6     5.96      19  2     5.91      20  2     5.87      18  2     5.83       8  6     5.83
 576   24   24      14  4     6.63       9  6     6.57       6  8     6.44      13  4     6.43
 625   25   25       9  6     6.06      14  4     5.97       4 12     5.94       6  8     5.87      13  4     5.86       8  6     5.86       3 13     5.77       3 12     5.76
 676   26   26      14  4     6.20       3 14     6.12       4 12     6.11       9  6     6.11      13  4     6.03       6  8     6.03       5 10     5.99       3 12     5.94
 729   27   27       9  6     5.84       5 10     5.81      14  4     5.76       4 12     5.68      13  4     5.67       6  8     5.61       3 14     5.57       3 12     5.57
 784   28   28      14  4     6.18       9  6     6.08      13  4     5.98       3 14     5.90
 841   29   29       9  6     5.85      14  4     5.78      13  4     5.66       6  8     5.58
 900   30   30       9  6     6.18      14  4     6.07       5 10     5.97      13  4     5.89
 961   31   31      14  4     5.80       9  6     5.77      13  4     5.70       6  8     5.57       4 12     5.57       5 10     5.55
1024   32   32      14  4     6.06       9  6     5.97       6  8     5.93      13  4     5.84       5 10     5.77
small non-square k=8 32
   1    1    8       1  1     0.27
   1    2    8       1  2     0.55
   1    3    8       1  3     0.69
   1    4    8       1  4     0.97
   1    5    8       1  5     1.06
   1    6    8       1  6     1.31
   1    7    8       1  7     1.38
   1    8    8       1  8     1.62
   1    9    8       1  9     1.67
   1   10    8       1 10     1.80
   1   11    8       1 11     1.89
   1   12    8       1 12     2.04
   1   13    8       1 13     2.07
   1   14    8       1 14     2.24
   1   15    8       1  5     1.78       1 11     1.73       1  9     1.73       1  8     1.72       1 13     1.71
   1   16    8       1  8     2.25
   1   17    8       1  9     1.85       1 10     1.82
   1   18    8       1  9     2.04       1  6     1.95
   1   19    8       1 11     1.73       1 12     1.73       1 13     1.68
   1   20    8       1 10     2.22
   1   21    8       1  7     2.02
   1   22    8       1 11     2.28
   1   23    8       1 13     1.92       1 14     1.89       1 12     1.88       1 11     1.85       1  8     1.82
   1   24    8       1 12     2.43       1  8     2.40
   1   25    8       1 13     1.99       1 12     1.98       1 14     1.97       1 11     1.92       1 10     1.92
   1   26    8       1 13     2.42
   1   27    8       1  9     2.31
   1   28    8       1 14     2.59
   1   29    8       1 10     2.20       1 12     2.17       1 14     2.13
   1   30    8       1 10     2.58
   1   31    8       1 12     2.31       1 11     2.25       1  8     2.23       1 14     2.22       1 13     2.20
   1   32    8       1  8     2.57
   2    1    8       2  1     0.48
   2    2    8       2  2     0.99
   2    3    8       2  3     1.28
   2    4    8       2  4     1.73
   2    5    8       2  5     1.93
   2    6    8       2  6     2.26
   2    7    8       2  7     2.29
   2    8    8       2  8     2.65
   2    9    8       2  9     2.52
   2   10    8       2 10     2.83
   2   11    8       2 11     2.86
   2   12    8       2  6     3.08       2 12     3.07
   2   13    8       2 13     2.99
   2   14    8       2 14     3.37
   2   15    8       2  5     2.95
   2   16    8       2  8     3.40
   2   17    8       2 11     2.90       2  6     2.86       2 12     2.86       2 14     2.85       2  9     2.82       2 10     2.81       2 13     2.80       2  8     2.76
   2   18    8       2  6     3.50
   2   19    8       2 11     3.01       2 10     2.91
   2   20    8       2 10     3.16
   2   21    8       2 13     2.87       2 11     2.82       2 12     2.80       2 14     2.77       2  7     2.76       2  8     2.76
   2   22    8       2 11     3.16       2 14     3.08       2 12     3.03
   2   23    8       2 12     2.94       2 14     2.92       2  6     2.92       2  8     2.91       2 13     2.90
   2   24    8       2  8     3.44       2  6     3.42       2 12     3.41
   2   25    8       2 14     3.13       2 13     3.06       2  5     2.99
   2   26    8       2 14     3.27       2 13     3.24
   2   27    8       2 14     3.13       2  9     3.04       2  6     3.04
   2   28    8       2 14     3.67
   2   29    8       2 10     3.14       2  8     3.12       2 12     3.06       2 14     3.03       2 11     2.98
   2   30    8       2  6     3.53       2 10     3.52
   2   31    8       2 14     3.19       2  8     3.13       2 12     3.10       2 11     3.06       2  6     3.06
   2   32    8       2  8     3.69
   3    1    8       3  1     0.69
   3    2    8       3  2     1.35
   3    3    8       3  3     1.70
   3    4    8       3  4     2.32
   3    5    8       3  5     2.37
   3    6    8       3  6     2.78
   3    7    8       3  7     2.82
   3    8    8       3  8     3.42
   3    9    8       3  9     3.15
   3   10    8       3 10     3.62
   3   11    8       3 11     3.44
   3   12    8       3 12     4.07
   3   13    8       3 13     3.88
   3   14    8       3 14     4.23
   3   15    8       3 14     3.50       3 12     3.48       3  8     3.46       3 13     3.46       3  5     3.37       3 10     3.35       3 11     3.35
   3   16    8       3  8     4.21
   3   17    8       3 14     3.68       3 13     3.67       3 12     3.67       3 10     3.55       3  9     3.53       3  8     3.50
   3   18    8       3 14     3.95       3 12     3.86       3  6     3.85       3 10     3.83
   3   19    8       3 14     3.85       3 12     3.85       3 13     3.76       3 11     3.72       3  8     3.68
   3   20    8       3 10     4.31
   3   21    8       3 12     3.89       3 11     3.79       3 14     3.78       3 13     3.70
   3   22    8       3 12     3.89       3  8     3.79       3 14     3.78       3 11     3.78
   3   23    8       3 12     3.78       3 13     3.78       3 14     3.76       3  8     3.65
   3   24    8       3 12     4.45
   3   25    8       3 13     4.02       3 14     3.91       3 12     3.83
   3   26    8       3 13     4.25       3 14     4.22
   3   27    8       3 14     4.14       3 12     3.94
   3   28    8       3 14     4.68
   3   29    8       3 14     4.01       3 12     3.98       3  8     3.96       3 10     3.87       3 13     3.82
   3   30    8       3 10     4.39
   3   31    8       3 14     4.15       3 12     4.06       3  8     4.03
   3   32    8       3  8     4.45       3 12     4.31       3 14     4.30
   4    1    8       4  1     0.87
   4    2    8       4  2     1.71
   4    3    8       4  3     2.03
   4    4    8       4  4     2.71
   4    5    8       4  5     2.84
   4    6    8       4  6     3.35
   4    7    8       4  7     3.29
   4    8    8       4  8     3.91
   4    9    8       4  9     3.61
   4   10    8       4 10     4.02
   4   11    8       4 11     3.59       2 11     3.44       4  8     3.42
   4   12    8       4 12     4.33
   4   13    8       4  8     3.70       4 12     3.63       4  7     3.58       4 10     3.57       3 13     3.53       4  9     3.53
   4   14    8       4  8     3.96       2 14     3.95       4 12     3.91       4  7     3.89       3 14     3.84       4 10     3.82
   4   15    8       4  8     3.87       4 12     3.84       4  5     3.80       4 10     3.79       4  9     3.76
   4   16    8       4  8     4.64
   4   17    8       4 12     4.06       4  9     4.01       4  8     3.95       4 10     3.94
   4   18    8       4  6     4.43       4 10     4.27       4 12     4.26       4  9     4.22
   4   19    8       4 12     4.16       4  8     4.10       4 10     4.07       4 11     3.97
   4   20    8       4 10     4.67       4 12     4.46
   4   21    8       4  8     4.26       4 12     4.25       4  7     4.14       4 10     4.08
   4   22    8       4 12     4.46       4  8     4.46       4 10     4.28
   4   23    8       4  8     4.35       4 10     4.22       4 12     4.18
   4   24    8       4 12     5.00       4  8     4.95
   4   25    8       4 10     4.34       4 12     4.26       4  8     4.24
   4   26    8       4 12     4.63       4  8     4.57       4 10     4.52
   4   27    8       4 12     4.55       4  8     4.47       4  9     4.43       4 10     4.41
   4   28    8       4 12     4.70       4  8     4.66       4 10     4.66
   4   29    8       4 12     4.65       4  8     4.58       4 10     4.48
   4   30    8       4 10     4.94       4  8     4.74
   4   31    8       4 12     4.59       4  8     4.58
   4   32    8       4  8     5.13
   5    1    8       5  1     1.01
   5    2    8       5  2     2.03
   5    3    8       5  3     2.30
   5    4    8       5  4     3.05
   5    5    8       5  5     3.05
   5    6    8       5  6     3.60
   5    7    8       5  7     3.64
   5    8    8       5  8     4.16
   5    9    8       5  8     3.42       5  7     3.35       5  5     3.35       5  6     3.32       5  3     3.26
   5   10    8       5 10     4.34
   5   11    8       5  8     3.73       5  7     3.73       5 10     3.65       5  6     3.61
   5   12    8       5  6     4.30       5  4     4.22
   5   13    8       5  8     3.95       5  7     3.93       5 10     3.92       3 13     3.78
   5   14    8       5  7     4.27       5  8     4.24       5 10     4.22       3 14     4.20
   5   15    8       5  8     4.22       5 10     4.09
   5   16    8       5  8     4.86
   5   17    8       5 10     4.31       5  8     4.25
   5   18    8       5  6     4.61       5 10     4.56       5  8     4.49
   5   19    8       5  8     4.39
   5   20    8       5 10     5.02
   5   21    8       5  7     4.55       5  8     4.49       5 10     4.47
   5   22    8       5  8     4.71       5 10     4.69
   5   23    8       5  8     4.67       5 10     4.49
   5   24    8       5  8     5.15
   5   25    8       5  8     4.54       5 10     4.54
   5   26    8       5  8     4.67       5 10     4.60
   5   27    8       5 10     4.80       5  8     4.73
   5   28    8       5  8     4.86       5 10     4.65
   5   29    8       5  8     4.52
   5   30    8       5 10     4.96
   5   31    8       5  8     4.49       5 10     4.42
   5   32    8       5  8     5.30
   6    1    8       6  1     1.14
   6    2    8       6  2     2.26
   6    3    8       6  3     2.54
   6    4    8       6  4     3.41       3  4     3.25
   6    5    8       6  5     3.37
   6    6    8       6  6     4.04
   6    7    8       6  7     3.67       3  7     3.50
   6    8    8       6  8     4.35       6  4     4.22       3  8     4.21
   6    9    8       3  9     3.74       6  5     3.68       6  6     3.67       6  8     3.63
   6   10    8       3 10     4.31       6 10     4.13
   6   11    8       3 11     4.04       6  6     4.00       6  8     3.96       6  7     3.84
   6   12    8       3 12     4.83       6  6     4.76
   6   13    8       3 13     4.55
   6   14    8       3 14     4.97
   6   15    8       6  6     4.29       6  8     4.27       6  5     4.23       3 14     4.22       3 12     4.19       6  4     4.16       3 13     4.16       6 10     4.11       3  8     4.09
   6   16    8       6  8     5.02       6  4     4.78
   6   17    8       6  6     4.48       6  8     4.43       3 14     4.39       3 13     4.38       3 12     4.33
   6   18    8       6  6     5.07
   6   19    8       6  8     4.60       3 14     4.51       6  6     4.48       3 12     4.47       6  4     4.37
   6   20    8       6  8     4.84       6  4     4.83       3 10     4.77       3 12     4.77       6  6     4.74       3 14     4.68       6 10     4.64
   6   21    8       6  8     4.59       6  6     4.50       3 12     4.42       3 14     4.39
   6   22    8       6  8     4.80       6  6     4.77
   6   23    8       6  6     4.51       6  8     4.40       3 14     4.31       3 13     4.30
   6   24    8       6  8     5.20       3 12     5.10       6  6     4.95
   6   25    8       6  8     4.82       6  6     4.73       3 13     4.69
   6   26    8       3 14     4.76       6  8     4.59
   6   27    8       3 14     4.61
   6   28    8       3 14     5.26
   6   29    8       3 14     4.51       6  8     4.45       3 12     4.37       6  6     4.34
   6   30    8       6  6     5.29       6  8     5.20
   6   31    8       3 14     4.54       6  8     4.51       3 12     4.47       6  6     4.45
   6   32    8       6  8     5.23       6  4     4.99
   7    1    8       7  1     1.25
   7    2    8       7  2     2.51
   7    3    8       7  3     2.66
   7    4    8       7  4     3.68
   7    5    8       7  5     3.34
   7    6    8       7  6     4.12
   7    7    8       7  4     3.48       4  7     3.44       5  7     3.43       7  6     3.39       7  5     3.35
   7    8    8       7  4     4.48
   7    9    8       7  6     3.81       7  4     3.74       7  5     3.73       4  9     3.70
   7   10    8       7  6     4.24       4 10     4.19       7  4     4.17       7  2     4.17       5 10     4.11       7 10     4.05
   7   11    8       7  4     4.05       7  6     3.99
   7   12    8       7  4     4.83       7  6     4.81
   7   13    8       7  6     4.18       7  4     4.17       3 13     4.16
   7   14    8       3 14     4.54       7  6     4.54       7  4     4.52       7  2     4.42
   7   15    8       7  6     4.40       7  4     4.38
   7   16    8       7  4     5.03
   7   17    8       7  6     4.48       7  4     4.45
   7   18    8       7  6     5.10
   7   19    8       7  4     4.41       7  6     4.38
   7   20    8       7  4     4.73       7  6     4.58       4 10     4.57
   7   21    8       7  6     4.40       7  4     4.27
   7   22    8       7  6     4.52       7  4     4.44
   7   23    8       7  6     4.74       7  4     4.70
   7   24    8       4 12     4.92       7  6     4.78       4  8     4.77       5  8     4.70
   7   25    8       7  6     4.42       7  4     4.31
   7   26    8       7  6     4.54       7  4     4.49       7  2     4.32
   7   27    8       7  6     4.40       7  4     4.36
   7   28    8       7  4     5.24       7  6     5.12
   7   29    8       7  6     4.45       7  4     4.35
   7   30    8       7  6     4.87
   7   31    8       7  6     4.46       7  4     4.30       7  2     4.24
   7   32    8       7  4     5.12       4  8     5.01
   8    1    8       8  1     1.36
   8    2    8       8  2     2.74
   8    3    8       8  3     2.92
   8    4    8       8  4     3.94
   8    5    8       8  5     3.54
   8    6    8       8  6     4.37
   8    7    8       8  4     3.73       5  7     3.69       8  7     3.62       8  6     3.59
   8    8    8       8  4     4.72
   8    9    8       4  9     4.19       8  6     4.02
   8   10    8       4 10     4.67       8  6     4.50
   8   11    8       8  4     4.29       8  6     4.19       8  8     4.12       4 11     4.08
   8   12    8       8  4     5.05       8  6     5.05       4 12     5.00
   8   13    8       8  6     4.39       8  4     4.38       3 13     4.29       4 12     4.28       4 10     4.18
   8   14    8       8  4     4.76       8  6     4.75       3 14     4.75       4 12     4.61       8  2     4.53
   8   15    8       8  6     4.62       8  4     4.61       4 12     4.43       4 10     4.38
   8   16    8       8  4     5.24
   8   17    8       8  6     4.46       8  4     4.44       4  9     4.42       4 12     4.41       4 10     4.27
   8   18    8       8  6     5.07
   8   19    8       8  4     4.62       8  6     4.44       4 12     4.40
   8   20    8       4 10     4.85       8  4     4.83       4 12     4.76       8  6     4.64
   8   21    8       8  6     4.93       8  4     4.79       4 12     4.78
   8   22    8       4 12     4.76       8  4     4.59
   8   23    8       8  4     4.39       8  6     4.35       8  2     4.26
   8   24    8       4 12     5.39
   8   25    8       8  6     4.51       8  4     4.46       4 12     4.39
   8   26    8       8  6     5.25       8  4     5.17       4 12     5.13
   8   27    8       8  6     4.64       8  4     4.62       4 12     4.44
   8   28    8       8  4     5.00       3 14     4.97       4 12     4.87       8  6     4.84
   8   29    8       8  6     4.62       8  4     4.57       4 12     4.54       4 10     4.43
   8   30    8       8  6     5.10       4 12     4.93       5 10     4.89
   8   31    8       8  6     5.14       8  4     5.13       4 12     5.10
   8   32    8       8  4     5.34       5  8     5.08
   9    1    8       9  1     1.45
   9    2    8       9  2     2.89
   9    3    8       9  3     3.03
   9    4    8       9  4     3.95
   9    5    8       9  5     3.62
   9    6    8       9  6     4.54
   9    7    8       5  7     3.80       9  4     3.77       9  6     3.77       6  7     3.70       9  5     3.64
   9    8    8       9  4     4.65
   9    9    8       9  6     4.17       9  5     4.02       9  4     3.96
   9   10    8       9  6     4.58       5 10     4.51       9  4     4.40       9  2     4.38
   9   11    8       9  6     4.32       3 11     4.29       9  4     4.28
   9   12    8       9  6     5.24       3 12     5.14
   9   13    8       3 13     4.83       9  6     4.59
   9   14    8       3 14     5.27
   9   15    8       9  6     4.69       9  4     4.56       3 14     4.52       3 12     4.49
   9   16    8       5  8     5.00       6  8     4.95       9  4     4.92       9  6     4.83       3 12     4.82
   9   17    8       3 14     4.60       3 13     4.55       3 12     4.48       9  6     4.47       9  4     4.43
   9   18    8       9  6     5.26
   9   19    8       9  6     5.00       3 14     4.77
   9   20    8       5 10     4.82       9  4     4.78       3 14     4.69       3 12     4.68       9  6     4.58
   9   21    8       9  6     4.55       3 14     4.51
   9   22    8       3 14     4.84       9  6     4.78       3 12     4.77
   9   23    8       3 14     4.53       3 12     4.51       3 13     4.51       9  6     4.48       9  4     4.42       9  2     4.33
   9   24    8       9  6     5.68
   9   25    8       9  6     4.72       3 13     4.58       3 12     4.56       3 14     4.51
   9   26    8       3 14     5.20       9  6     4.96       3 13     4.96
   9   27    8       3 14     5.03       9  6     4.83
   9   28    8       3 14     5.39
   9   29    8       9  6     5.31
   9   30    8       9  6     5.33
   9   31    8       9  6     4.92       3 14     4.89       3 12     4.80
   9   32    8       5  8     5.22       6  8     5.19       9  4     5.15       3 14     5.13       3 12     5.08
  10    1    8      10  1     1.55
  10    2    8      10  2     3.00
  10    3    8      10  3     3.12
  10    4    8      10  4     4.23
  10    5    8      10  4     3.39       8  5     3.33      10  3     3.32       7  5     3.29       9  5     3.24
  10    6    8      10  2     4.22       9  6     4.06       8  6     4.06      10  4     4.04
  10    7    8       5  7     4.26
  10    8    8      10  4     4.94       5  8     4.86
  10    9    8      10  4     4.17       5  8     4.07       5  7     4.02
  10   10    8       5 10     5.01
  10   11    8      10  4     4.47       5  7     4.34       5  8     4.34       5 10     4.30
  10   12    8      10  4     5.23
  10   13    8      10  4     4.58       5 10     4.52       3 13     4.50       5  8     4.49       5  7     4.48
  10   14    8      10  4     4.94       3 14     4.86       5 10     4.85       5  8     4.83      10  2     4.70
  10   15    8      10  4     4.78       5  8     4.77       5 10     4.60
  10   16    8       5  8     5.30      10  4     5.18       6  8     5.09
  10   17    8       5 10     4.88      10  4     4.83       5  8     4.76
  10   18    8      10  4     4.89       5 10     4.79       8  6     4.78       9  6     4.78       5  8     4.77       7  6     4.66
  10   19    8       5  8     4.54      10  4     4.52       6  8     4.32
  10   20    8       5 10     5.08      10  4     4.96
  10   21    8       5  7     4.50      10  4     4.50       5 10     4.49       5  8     4.43       6  8     4.33
  10   22    8      10  4     5.22       5 10     5.19       5  8     5.15
  10   23    8       5  8     4.66      10  4     4.58       5 10     4.51      10  2     4.45
  10   24    8       5  8     5.37      10  4     5.25
  10   25    8      10  4     4.67       5  8     4.54       5 10     4.49
  10   26    8      10  4     4.89       5 10     4.82       5  8     4.81
  10   27    8       5 10     5.21      10  4     5.18       5  8     5.08
  10   28    8      10  4     5.12       3 14     5.00       5 10     4.98       5  8     4.92
  10   29    8       5  8     4.78      10  4     4.77       6  8     4.61
  10   30    8       5 10     5.40
  10   31    8       5  8     5.00       5 10     4.89      10  4     4.83
  10   32    8      10  4     5.62       5  8     5.53       6  8     5.44       5 10     5.37
  11    1    8      11  1     1.63
  11    2    8      11  2     3.16
  11    3    8      11  3     3.15
  11    4    8      11  4     4.27
  11    5    8      11  4     3.49       9  5     3.44      11  5     3.42       8  5     3.41      11  3     3.41      11  2     3.32
  11    6    8      11  2     4.38       9  6     4.19
  11    7    8      11  4     3.99       6  7     3.96       5  7     3.89
  11    8    8      11  4     4.97
  11    9    8      11  4     4.27       4  9     4.08
  11   10    8      11  4     4.71      11  2     4.68       5 10     4.62       4 10     4.60       6 10     4.50
  11   11    8      11  4     4.53
  11   12    8      11  4     5.26
  11   13    8      11  4     4.67       3 13     4.55
  11   14    8      11  4     5.01       3 14     4.94      11  2     4.87
  11   15    8      11  4     4.84
  11   16    8      11  4     5.22       6  8     5.16
  11   17    8      11  4     4.63
  11   18    8       9  6     5.04      11  4     4.89
  11   19    8      11  4     4.69
  11   20    8      11  4     5.48
  11   21    8      11  4     4.60       6  8     4.38       4 12     4.37
  11   22    8      11  4     4.82       6  8     4.64       4 12     4.64      11  2     4.64       3 14     4.59
  11   23    8      11  4     4.69      11  2     4.60
  11   24    8       4 12     5.29      11  4     5.29       6  8     5.13       9  6     5.06
  11   25    8      11  4     5.15
  11   26    8      11  4     4.95       3 14     4.83      11  2     4.74
  11   27    8      11  4     4.86       3 14     4.68
  11   28    8      11  4     5.18       3 14     5.15
  11   29    8      11  4     4.85       6  8     4.65
  11   30    8      11  4     5.44       9  6     5.26       6  8     5.20
  11   31    8      11  4     4.91       6  8     4.72
  11   32    8       6  8     5.36      11  4     5.25
  12    1    8      12  1     1.70
  12    2    8      12  2     3.27
  12    3    8      12  3     3.31
  12    4    8      12  4     4.36
  12    5    8      12  4     3.57       8  5     3.56      12  3     3.54       9  5     3.52      12  2     3.41
  12    6    8      12  2     4.46       8  6     4.31       9  6     4.30
  12    7    8       6  7     4.23      12  4     4.11
  12    8    8      12  4     5.05       6  8     5.02
  12    9    8       4  9     4.43      12  4     4.34       6  8     4.26
  12   10    8       4 10     4.94      12  4     4.79      12  2     4.75       6  8     4.73       5 10     4.72
  12   11    8      12  4     4.63       6  8     4.54       3 11     4.43       6  7     4.40
  12   12    8      12  4     5.33       3 12     5.31       4 12     5.27
  12   13    8       3 13     4.97       6  8     4.75      12  4     4.74
  12   14    8       3 14     5.44
  12   15    8      12  4     4.92       4 12     4.72
  12   16    8       6  8     5.45      12  4     5.27
  12   17    8       4 12     4.76       3 14     4.71      12  4     4.70       4  9     4.67       3 13     4.66       6  8     4.60       4 10     4.59       3 12     4.58
  12   18    8      12  4     5.26       3 14     5.22       6  8     5.20       9  6     5.19       8  6     5.16       4 12     5.11       4 10     5.09      12  2     5.03
  12   19    8       4 12     4.79       3 14     4.78      12  4     4.76       6  8     4.72       3 12     4.67       4 10     4.65       3 13     4.62
  12   20    8       4 12     5.16      12  4     5.13       4 10     5.12       3 12     5.06       6  8     4.93       3 14     4.93
  12   21    8       3 14     4.83       4 12     4.79       3 13     4.73       6  8     4.72       3 12     4.68      12  4     4.61
  12   22    8       4 12     5.16       3 14     5.09       3 12     5.01       6  8     5.00
  12   23    8      12  4     5.21       6  8     5.13
  12   24    8       4 12     5.52       6  8     5.47       3 12     5.42      12  4     5.37
  12   25    8       3 13     5.02       6  8     4.93       3 14     4.84       4 12     4.82      12  4     4.77       3 12     4.77
  12   26    8       3 14     5.36       6  8     5.09       4 12     5.09
  12   27    8       3 14     5.14       6  8     5.00       4 12     4.98      12  4     4.94
  12   28    8      12  4     5.66       3 14     5.58       6  8     5.45
  12   29    8       6  8     5.11       4 12     5.03       3 14     4.96      12  4     4.93       3 12     4.87
  12   30    8       6  8     5.28       4 12     5.21       4 10     5.18       3 14     5.18       9  6     5.17      12  4     5.14       5 10     5.14       8  6     5.11       3 12     5.04
  12   31    8       6  8     5.09       4 12     5.05       3 14     5.05       3 12     4.95      12  4     4.94
  12   32    8       6  8     5.62       4 12     5.36
  13    1    8      13  1     1.69
  13    2    8      13  2     3.35
  13    3    8      13  3     3.36
  13    4    8      13  4     4.50
  13    5    8      13  3     3.65      13  4     3.65       8  5     3.63       9  5     3.59
  13    6    8      13  2     4.57      13  4     4.41       9  6     4.40       8  6     4.38
  13    7    8      13  4     4.19       5  7     4.13
  13    8    8      13  4     5.20
  13    9    8      13  4     4.44
  13   10    8      13  4     4.97       5 10     4.85      13  2     4.83
  13   11    8      13  4     4.73
  13   12    8      13  4     5.48
  13   13    8      13  4     4.85       3 13     4.63
  13   14    8      13  4     5.26       3 14     5.06      13  2     5.02
  13   15    8      13  4     4.85
  13   16    8      13  4     5.64
  13   17    8      13  4     4.71
  13   18    8       9  6     5.15       8  6     5.08      13  4     5.02
  13   19    8      13  4     4.77
  13   20    8      13  4     5.16       5 10     5.04
  13   21    8      13  4     5.20
  13   22    8      13  4     4.95       9  6     4.78      13  2     4.71       8  6     4.71
  13   23    8      13  4     4.73       5  8     4.58       8  6     4.57       9  6     4.56
  13   24    8      13  4     5.45
  13   25    8      13  4     4.90
  13   26    8      13  4     5.57
  13   27    8      13  4     4.87       9  6     4.74       5 10     4.69       3 14     4.69       8  6     4.64
  13   28    8      13  4     5.34       3 14     5.18
  13   29    8      13  4     4.91       9  6     4.75       8  6     4.68       5  8     4.68
  13   30    8       5 10     5.30       9  6     5.24      13  4     5.20       8  6     5.12
  13   31    8      13  4     5.50
  13   32    8      13  4     5.41       5  8     5.28       6  8     5.20       8  8     5.15
  14    1    8      14  1     1.78
  14    2    8      14  2     3.47
  14    3    8      14  3     3.38
  14    4    8      14  4     4.59
  14    5    8      14  4     3.76       8  5     3.76      14  3     3.69       9  5     3.66
  14    6    8      14  2     4.68       8  6     4.58      14  4     4.48       9  6     4.47
  14    7    8      14  4     4.22       5  7     4.20       6  7     4.01
  14    8    8      14  4     5.28
  14    9    8      14  4     4.55
  14   10    8      14  4     5.03       5 10     4.94      14  2     4.93
  14   11    8      14  4     4.77
  14   12    8      14  4     5.56
  14   13    8      14  4     4.96
  14   14    8      14  4     5.33       3 14     5.21      14  2     5.12
  14   15    8      14  4     4.73      14  2     4.66       8  6     4.63       5  8     4.62       9  6     4.57       5 10     4.51
  14   16    8      14  4     5.52       5  8     5.27
  14   17    8      14  4     4.77       5 10     4.61       8  6     4.53
  14   18    8       8  6     5.27       9  6     5.20      14  4     5.11
  14   19    8      14  4     5.28
  14   20    8      14  4     5.26       5 10     5.11      11  4     5.02
  14   21    8       8  6     4.70       9  6     4.61      14  4     4.54       5  8     4.52       5  7     4.50       4 12     4.50       5 10     4.50       3 14     4.50      11  4     4.50       6  8     4.50
  14   22    8      14  4     5.06       8  6     4.87       9  6     4.84       4 12     4.83       3 14     4.82
  14   23    8       8  6     4.73       9  6     4.69       5  8     4.68      14  4     4.65      11  4     4.59       5 10     4.58       6  8     4.57       3 14     4.51      12  4     4.51       3 12     4.50
  14   24    8      14  4     5.82
  14   25    8      14  4     5.01
  14   26    8      14  4     5.11       3 14     5.04       8  6     4.91       9  6     4.88      14  2     4.86
  14   27    8      14  4     4.98       3 14     4.84       9  6     4.79       8  6     4.78       5 10     4.77
  14   28    8      14  4     5.43       3 14     5.30
  14   29    8      14  4     5.52
  14   30    8       5 10     5.33       8  6     5.29       9  6     5.28      14  4     5.16
  14   31    8       5  8     4.92      14  4     4.87       8  6     4.84       9  6     4.81      11  4     4.79       3 14     4.78       5 10     4.77       6  8     4.74       4 12     4.74      12  4     4.72      14  2     4.71
  14   32    8       5  8     5.42      14  4     5.36       6  8     5.35      11  4     5.24       8  8     5.20      12  4     5.18
  15    1    8      15  1     1.79
  15    2    8      15  2     3.49
  15    3    8      12  3     3.09      13  3     3.07      15  3     3.01      14  3     2.96
  15    4    8      15  2     4.22      12  4     4.10      13  4     4.07      14  4     4.01
  15    5    8       9  5     3.78       8  5     3.73
  15    6    8       9  6     4.64       8  6     4.59      15  2     4.54
  15    7    8       5  7     4.52
  15    8    8       5  8     5.15
  15    9    8       5  8     4.33       5  7     4.32       4  9     4.29      15  2     4.16       9  6     4.12
  15   10    8       5 10     5.29
  15   11    8       5  8     4.60       5  7     4.60       5 10     4.58       3 11     4.49
  15   12    8       3 12     5.38       9  6     5.24       4 12     5.19       8  6     5.15      12  4     5.12
  15   13    8       3 13     5.06
  15   14    8       3 14     5.53
  15   15    8       5  8     4.98       5 10     4.82
  15   16    8       5  8     5.47       6  8     5.30
  15   17    8       5 10     5.09       3 13     4.89       3 14     4.88       5  8     4.88
  15   18    8       9  6     5.37       5 10     5.25       8  6     5.24       3 14     5.11
  15   19    8       5  8     4.87       3 14     4.83       3 12     4.74       3 13     4.67
  15   20    8       5 10     5.50
  15   21    8       5 10     4.96       5  8     4.95       3 14     4.89       5  7     4.81       3 13     4.80       9  6     4.75       3 12     4.73       8  6     4.73
  15   22    8       5 10     5.33       5  8     5.28       9  6     5.26       8  6     5.20       3 14     5.17       3 12     5.13
  15   23    8       5  8     5.07       5 10     5.01       9  6     4.85
  15   24    8       5  8     5.52       3 12     5.49       4 12     5.42       9  6     5.35       6  8     5.30       5 10     5.25
  15   25    8       3 13     5.09       5 10     5.04       5  8     4.99       3 14     4.91       9  6     4.84
  15   26    8       3 14     5.42       5 10     5.27       5  8     5.19
  15   27    8       5 10     5.32       3 14     5.29       9  6     5.20       5  8     5.19       8  6     5.09
  15   28    8       3 14     5.58       5 10     5.33
  15   29    8       5  8     5.08       3 14     5.00       9  6     4.99       3 12     4.96       4 12     4.90       8  6     4.88       6  8     4.88
  15   30    8       5 10     5.58       9  6     5.42
  15   31    8       5  8     5.22       5 10     5.17       3 14     5.10       9  6     5.01       3 12     4.96
  15   32    8       5  8     5.63       5 10     5.49       6  8     5.47       9  6     5.42      12  4     5.42       3 14     5.38
  16    1    8      16  1     1.92
  16    2    8      16  2     3.61
  16    3    8      16  3     3.36
  16    4    8      16  2     4.35      14  4     4.16
  16    5    8       8  5     4.07
  16    6    8       8  6     5.05
  16    7    8       5  7     4.23       8  6     4.19       6  7     4.19       8  5     4.11      16  2     4.05       8  7     4.03
  16    8    8       6  8     4.86       5  8     4.75       8  8     4.72      14  4     4.71       8  6     4.67      13  4     4.64
  16    9    8       4  9     4.56       8  6     4.44       8  5     4.36
  16   10    8       8  6     5.12       4 10     5.08       5 10     4.98      16  2     4.88
  16   11    8       8  6     4.57       4 11     4.39
  16   12    8       4 12     5.41       8  6     5.25
  16   13    8       3 13     4.81       8  6     4.70       4 12     4.58
  16   14    8       3 14     5.25       8  6     5.03       4 12     5.02
  16   15    8       8  6     5.04       4 12     4.86
  16   16    8       6  8     5.38       8  6     5.30       5  8     5.20       8  8     5.12
  16   17    8       8  6     4.96       4 12     4.90       4  9     4.78
  16   18    8       8  6     5.49       9  6     5.38
  16   19    8       8  6     5.01       4 12     4.90       4 10     4.77
  16   20    8       8  6     5.42       4 12     5.41       4 10     5.29       5 10     5.25      13  4     5.24       9  6     5.23       8  8     5.22      14  4     5.22      16  2     5.16
  16   21    8       8  6     5.13       4 12     4.93
  16   22    8       8  6     5.40       4 12     5.24
  16   23    8       8  6     5.12
  16   24    8       4 12     5.58       8  6     5.56       6  8     5.44       9  6     5.43
  16   25    8       8  6     5.29       9  6     5.16       4 12     5.09
  16   26    8       8  6     5.43       4 12     5.21
  16   27    8       8  6     5.28       4 12     5.08       9  6     5.06
  16   28    8       8  6     5.49       3 14     5.30       4 12     5.28       9  6     5.27      14  4     5.25
  16   29    8       8  6     5.28       4 12     5.13
  16   30    8       8  6     5.73       9  6     5.68
  16   31    8       8  6     5.28       4 12     5.18
  16   32    8       6  8     5.54       8  6     5.50       4 12     5.46
  17    1    8      17  1     1.93
  17    2    8      17  2     3.71
  17    3    8      13  3     3.20      14  3     3.16      17  2     3.05
  17    4    8      17  2     4.44      14  4     4.26
  17    5    8       9  5     3.83      17  2     3.71       8  5     3.65      11  5     3.64
  17    6    8       9  6     4.76      17  2     4.76
  17    7    8       5  7     4.28       6  7     4.21      17  2     4.09
  17    8    8       6  8     4.99      14  4     4.96      17  2     4.93      13  4     4.89       5  8     4.88
  17    9    8       4  9     4.30
  17   10    8       5 10     4.96       4 10     4.78
  17   11    8       3 11     4.32       9  6     4.24       6  7     4.14
  17   12    8       3 12     5.15       4 12     5.12       9  6     5.08      14  4     5.00      13  4     4.95
  17   13    8       3 13     4.82       9  6     4.62       6  8     4.62
  17   14    8       3 14     5.30
  17   15    8       9  6     4.65      13  4     4.53       5  8     4.47       6  8     4.47
  17   16    8       6  8     5.41       5  8     5.25      14  4     5.17      13  4     5.15
  17   17    8       9  6     4.67       5 10     4.61       6  8     4.58       4 12     4.50      13  4     4.47       4  9     4.47      14  4     4.44       5  8     4.44
  17   18    8       9  6     5.56
  17   19    8       6  8     4.70       9  6     4.69      13  4     4.60      14  4     4.59       3 14     4.55       5  8     4.55       4 12     4.47
  17   20    8       5 10     5.22      14  4     5.20      13  4     5.10       9  6     4.98
  17   21    8       9  6     4.87       6  8     4.78       5  8     4.66
  17   22    8       9  6     5.07       6  8     5.01       3 14     4.91      17  2     4.88       5  8     4.86       4 12     4.83      14  4     4.83       5 10     4.83
  17   23    8       9  6     5.13       6  8     5.07      13  4     4.96      14  4     4.93      17  2     4.93
  17   24    8       6  8     5.50       9  6     5.46      14  4     5.30       4 12     5.24
  17   25    8       9  6     4.95       6  8     4.88       3 13     4.81      14  4     4.76       5 10     4.73
  17   26    8       9  6     5.21       3 14     5.15       6  8     5.04      13  4     4.97      17  2     4.96      14  4     4.95
  17   27    8       9  6     5.10       3 14     4.94       6  8     4.93       5 10     4.86
  17   28    8       9  6     5.51      14  4     5.48      13  4     5.45       3 14     5.41       6  8     5.36      17  2     5.30
  17   29    8       9  6     5.09       6  8     5.03
  17   30    8       9  6     5.53       5 10     5.28
  17   31    8       9  6     5.08       6  8     5.05       5  8     4.93       3 14     4.87
  17   32    8       6  8     5.56      13  4     5.37      14  4     5.34       5  8     5.33
  18    1    8      18  1     1.96
  18    2    8      18  2     3.77
  18    3    8      13  3     3.27      14  3     3.21      18  2     3.10
  18    4    8      18  2     4.47      13  4     4.34      14  4     4.31
  18    5    8       9  5     4.17
  18    6    8       9  6     5.24
  18    7    8       6  7     4.46       5  7     4.38       9  6     4.37
  18    8    8       6  8     5.30
  18    9    8       6  8     4.35       4  9     4.31       9  6     4.25       9  5     4.25
  18   10    8       5 10     5.07       4 10     4.87
  18   11    8       3 11     4.56       6  8     4.41
  18   12    8       9  6     5.68       3 12     5.46
  18   13    8       3 13     5.11
  18   14    8       3 14     5.61
  18   15    8       9  6     5.03       6  8     4.80
  18   16    8       6  8     5.60       9  6     5.37       5  8     5.36
  18   17    8       9  6     5.24       6  8     5.03
  18   18    8       9  6     5.67
  18   19    8       9  6     5.21       6  8     5.04
  18   20    8       9  6     5.49       5 10     5.33       6  8     5.33
  18   21    8       9  6     5.32       6  8     5.12
  18   22    8       9  6     5.67       6  8     5.51
  18   23    8       9  6     5.33       6  8     5.11
  18   24    8       9  6     5.80       6  8     5.66       3 12     5.53
  18   25    8       9  6     5.40       3 13     5.17       6  8     5.16
  18   26    8       9  6     5.64       3 14     5.50       6  8     5.38
  18   27    8       9  6     5.57       3 14     5.36       6  8     5.33
  18   28    8       9  6     5.67       3 14     5.63       6  8     5.44
  18   29    8       9  6     5.48       6  8     5.27
  18   30    8       9  6     5.97
  18   31    8       9  6     5.53
  18   32    8       6  8     5.73       9  6     5.72
  19    1    8      19  1     1.94
  19    2    8      19  2     3.87
  19    3    8      13  3     3.35      14  3     3.28
  19    4    8      19  2     4.58      13  4     4.43      14  4     4.38
  19    5    8       8  5     3.88      19  2     3.79       9  5     3.77
  19    6    8      19  2     4.88       8  6     4.76       9  6     4.73
  19    7    8       5  7     4.26
  19    8    8       5  8     5.06      13  4     5.06      19  2     5.05      14  4     5.02       6  8     4.81
  19    9    8       4  9     4.31
  19   10    8       5 10     5.10       4 10     4.91
  19   11    8      13  4     4.54      19  2     4.50      14  4     4.48       5  8     4.43       8  6     4.40       5  7     4.38       5 10     4.36       4 11     4.35       8  8     4.34       9  6     4.33
  19   12    8       4 12     5.33      13  4     5.14       3 12     5.07
  19   13    8       3 13     4.80      13  4     4.64      19  2     4.63      14  4     4.62       5  8     4.60       5 10     4.58
  19   14    8       3 14     5.24
  19   15    8       5  8     4.68       5 10     4.56       4 12     4.55      13  4     4.54       6  8     4.46      14  4     4.46
  19   16    8      13  4     5.45      14  4     5.41       5  8     5.41      19  2     5.25       6  8     5.24
  19   17    8       5 10     4.76       4 12     4.64      19  2     4.64       5  8     4.64      13  4     4.63       4  9     4.55       6  8     4.53
  19   18    8       9  6     5.38       8  6     5.33      19  2     5.29       5 10     5.21      13  4     5.14      14  4     5.12
  19   19    8       5  8     4.79       4 12     4.71      13  4     4.71       9  6     4.68      14  4     4.64       6  8     4.63       8  6     4.61       4 10     4.60
  19   20    8       5 10     5.39      13  4     5.28      14  4     5.24
  19   21    8      13  4     4.98       5  8     4.98       4 12     4.96       5 10     4.95      14  4     4.95      19  2     4.94       8  6     4.81       5  7     4.79       6  8     4.78       9  6     4.76
  19   22    8       5 10     5.09       4 12     5.08       5  8     5.05       9  6     5.01       8  6     4.98      19  2     4.98       6  8     4.97      13  4     4.97      14  4     4.93       3 14     4.87       8  8     4.84
  19   23    8      13  4     5.09       5  8     5.08      14  4     5.04       5 10     5.04      19  2     4.98       9  6     4.90       8  6     4.86
  19   24    8       4 12     5.49       9  6     5.45       5  8     5.42      13  4     5.38      14  4     5.33       6  8     5.31       8  6     5.30       3 12     5.24
  19   25    8       5 10     4.91      13  4     4.90       9  6     4.90       4 12     4.88       5  8     4.86       3 13     4.82       8  6     4.80       6  8     4.80      14  4     4.74       3 14     4.67
  19   26    8      19  2     5.39      13  4     5.32       5 10     5.30      14  4     5.29       5  8     5.24       9  6     5.21       3 14     5.19       4 12     5.16
  19   27    8       5 10     5.03       5  8     4.96       9  6     4.96       3 14     4.96       4 12     4.95      13  4     4.93       8  6     4.90      14  4     4.89       6  8     4.83
  19   28    8      13  4     5.39       3 14     5.38      14  4     5.36       5 10     5.25       9  6     5.21       4 12     5.18       5  8     5.18       8  6     5.17
  19   29    8      13  4     5.19      14  4     5.17       5  8     5.13       4 12     5.11       9  6     5.10      19  2     5.09       6  8     5.01       8  6     4.97
  19   30    8       9  6     5.46       5 10     5.44       8  6     5.36       5  8     5.20
  19   31    8       5  8     5.11       9  6     5.06       4 12     5.02       5 10     5.02       6  8     4.94       8  6     4.92      13  4     4.88
  19   32    8      13  4     5.61      14  4     5.58       5  8     5.57      19  2     5.43       6  8     5.43       4 12     5.38       5 10     5.36
  20    1    8      20  1     1.95
  20    2    8      20  2     3.89
  20    3    8      13  3     3.41      14  3     3.31
  20    4    8      20  2     4.60      14  4     4.49      13  4     4.49
  20    5    8       8  5     3.97       9  5     3.83      20  2     3.79
  20    6    8       8  6     4.85       9  6     4.69      20  2     4.66
  20    7    8       5  7     4.67
  20    8    8       5  8     5.31
  20    9    8       4  9     4.62
  20   10    8       5 10     5.45
  20   11    8       5 10     4.56       5  8     4.40       5  7     4.39       3 11     4.34
  20   12    8       4 12     5.48      14  4     5.39      13  4     5.35       9  6     5.31       8  6     5.29
  20   13    8       3 13     4.81       5 10     4.58
  20   14    8       3 14     5.28
  20   15    8       5  8     5.10       5 10     4.99       4 12     4.91      14  4     4.88      13  4     4.88
  20   16    8       5  8     5.53       6  8     5.31      14  4     5.29
  20   17    8       5 10     5.20       4 12     5.04       5  8     4.97       4  9     4.95
  20   18    8       9  6     5.38       5 10     5.33       8  6     5.29       5  8     5.14
  20   19    8       5  8     4.95       4 12     4.94      14  4     4.80      13  4     4.80       4 10     4.77       9  6     4.76
  20   20    8       5 10     5.66      14  4     5.55      13  4     5.49       4 12     5.45
  20   21    8       5 10     5.06       5  8     5.03       4 12     5.00       9  6     4.94       5  7     4.90       8  6     4.86       6  8     4.83
  20   22    8       5 10     5.43       4 12     5.40       5  8     5.36      20  2     5.36      14  4     5.32      13  4     5.29       8  6     5.25       9  6     5.24       6  8     5.16
  20   23    8       5  8     5.17       5 10     5.10       9  6     4.96      13  4     4.95
  20   24    8       5  8     5.60       4 12     5.60       9  6     5.53      14  4     5.45       8  6     5.39      13  4     5.38       6  8     5.38       5 10     5.34
  20   25    8       5 10     5.27       5  8     5.22      14  4     5.18      13  4     5.13       4 12     5.11       9  6     5.10      20  2     5.03       8  6     5.03       3 13     5.01
  20   26    8       5 10     5.37       5  8     5.32       4 12     5.27       3 14     5.25       9  6     5.24      13  4     5.23       8  6     5.17      14  4     5.15
  20   27    8       5 10     5.29       5  8     5.18       4 12     5.12       9  6     5.11       3 14     5.04
  20   28    8      14  4     5.67      13  4     5.61       5 10     5.60       3 14     5.49       5  8     5.47       4 12     5.42      20  2     5.41
  20   29    8       4 12     5.18       9  6     5.11       5  8     5.09       8  6     5.03      13  4     5.02       6  8     5.02      14  4     4.99       4 10     4.94
  20   30    8       5 10     5.67       9  6     5.60       8  6     5.47
  20   31    8       5  8     5.41       5 10     5.37      14  4     5.34       4 12     5.30      13  4     5.30       9  6     5.22
  20   32    8       5  8     5.65      14  4     5.50      13  4     5.49       6  8     5.49       4 12     5.46
  21    1    8      17  1     1.74
  21    2    8      17  2     3.38
  21    3    8      13  3     3.45      14  3     3.37
  21    4    8      13  4     4.61      14  4     4.55
  21    5    8       8  5     4.00       9  5     3.86
  21    6    8       8  6     4.82       9  6     4.67
  21    7    8       5  7     4.18
  21    8    8       5  8     4.84       6  8     4.79      14  4     4.69      13  4     4.67
  21    9    8      13  4     4.38      14  4     4.36       4  9     4.33       8  6     4.33       8  5     4.30       9  6     4.24
  21   10    8       5 10     5.08
  21   11    8       3 11     4.60
  21   12    8       3 12     5.52
  21   13    8       3 13     5.16
  21   14    8       3 14     5.66
  21   15    8       3 12     4.66       3 14     4.62      13  4     4.59       3 13     4.58      14  4     4.56       8  6     4.55       9  6     4.53       6  8     4.48       5  8     4.47       3 11     4.45       5 10     4.43
  21   16    8       6  8     5.38      13  4     5.26      14  4     5.25       5  8     5.23
  21   17    8       3 14     4.83       3 13     4.82      13  4     4.79      14  4     4.73       3 12     4.70       5 10     4.69       6  8     4.65       9  6     4.62
  21   18    8       9  6     5.40       8  6     5.25       3 14     5.23
  21   19    8      13  4     5.13      14  4     5.09       3 14     5.00       3 12     4.93       6  8     4.88
  21   20    8      14  4     5.41      13  4     5.39       5 10     5.34       3 12     5.23       6  8     5.15
  21   21    8       3 14     5.00       3 13     4.99       9  6     4.94       6  8     4.91       3 12     4.86       8  6     4.85      13  4     4.83
  21   22    8       3 14     5.31       3 12     5.20       9  6     5.20       6  8     5.17      13  4     5.17       8  6     5.14      14  4     5.12
  21   23    8      13  4     5.03       9  6     5.01       6  8     4.96       3 13     4.94       3 14     4.94       8  6     4.93       3 12     4.91      14  4     4.87       5  8     4.83
  21   24    8      13  4     5.68      14  4     5.66       3 12     5.59       9  6     5.56       8  6     5.51       6  8     5.48
  21   25    8       3 13     5.24      13  4     5.05      14  4     5.04       3 14     5.03       9  6     5.01       3 12     4.99
  21   26    8       3 14     5.56      13  4     5.34
  21   27    8       3 14     5.42      13  4     5.33      14  4     5.30       9  6     5.17
  21   28    8       3 14     5.70      13  4     5.60      14  4     5.53
  21   29    8       3 14     5.19      13  4     5.13       9  6     5.12       3 12     5.09       6  8     5.08       8  6     5.05      14  4     5.00
  21   30    8       9  6     5.61       8  6     5.55      13  4     5.53      14  4     5.51       5 10     5.46       3 14     5.42       6  8     5.38
  21   31    8       3 14     5.25       9  6     5.18       3 12     5.15       6  8     5.11      13  4     5.03       8  6     5.01       5  8     5.00
  21   32    8      13  4     5.56       6  8     5.55      14  4     5.50       3 12     5.37       3 14     5.32
  22    1    8      17  1     1.78
  22    2    8      17  2     3.47      18  2     3.44
  22    3    8      13  3     3.50      14  3     3.43
  22    4    8      14  4     4.65      13  4     4.57
  22    5    8       8  5     4.08       9  5     4.02
  22    6    8       8  6     5.00       9  6     5.00
  22    7    8       6  7     4.38       5  7     4.34      14  4     4.18      13  4     4.17
  22    8    8       6  8     4.89       5  8     4.83      14  4     4.72
  22    9    8       4  9     4.34
  22   10    8       5 10     5.09       4 10     4.86
  22   11    8      14  4     4.71      13  4     4.66       9  6     4.63       8  6     4.61       6  8     4.57       8  8     4.50
  22   12    8      14  4     5.53       9  6     5.46       8  6     5.42      13  4     5.38
  22   13    8       3 13     4.82
  22   14    8       3 14     5.25
  22   15    8      13  4     4.64      14  4     4.64       8  6     4.59       9  6     4.59       6  8     4.53       5  8     4.51       5 10     4.48       4 12     4.45
  22   16    8      14  4     5.66       6  8     5.52      13  4     5.50
  22   17    8      14  4     5.06       9  6     4.99       8  6     4.95      13  4     4.94       6  8     4.83
  22   18    8       9  6     5.43       8  6     5.38      14  4     5.18
  22   19    8      14  4     4.90       9  6     4.87      13  4     4.86       8  6     4.85       6  8     4.85       8  8     4.67       4 12     4.66       5  8     4.66
  22   20    8      14  4     5.47      13  4     5.32       5 10     5.30       9  6     5.22       6  8     5.21
  22   21    8      14  4     5.19       9  6     5.14       6  8     5.11       8  6     5.11      13  4     5.06       8  8     4.94
  22   22    8      14  4     5.46       8  6     5.39       9  6     5.39       6  8     5.37      13  4     5.31       8  8     5.23
  22   23    8       9  6     5.08       8  6     5.05      13  4     5.01       6  8     5.01      14  4     4.97       5  8     4.93       5 10     4.83
  22   24    8      14  4     5.59       9  6     5.59       6  8     5.56       8  6     5.54      13  4     5.48       4 12     5.38       5  8     5.36       3 12     5.33
  22   25    8      14  4     5.31       8  6     5.20       9  6     5.18      13  4     5.16       6  8     5.10
  22   26    8       9  6     5.34      14  4     5.31       8  6     5.30      13  4     5.29       6  8     5.24       3 14     5.22       5 10     5.10
  22   27    8       9  6     5.15       8  6     5.11       6  8     5.09      14  4     5.08      13  4     5.03       5 10     4.96       3 14     4.90
  22   28    8      14  4     5.79      13  4     5.62       9  6     5.51       3 14     5.50
  22   29    8       9  6     5.23       8  6     5.18       6  8     5.17      14  4     5.15      13  4     5.09       5  8     4.98       4 12     4.97
  22   30    8       9  6     5.56       8  6     5.52       5 10     5.35      14  4     5.30
  22   31    8      14  4     5.29      13  4     5.19       9  6     5.17       8  6     5.13       6  8     5.13       5  8     5.03
  22   32    8       6  8     5.62      14  4     5.62      13  4     5.50       5  8     5.45       9  6     5.41       8  6     5.37
  23    1    8      17  1     1.82      18  1     1.81
  23    2    8      17  2     3.56      19  2     3.53      18  2     3.51
  23    3    8      13  3     3.52      14  3     3.45      16  3     3.36
  23    4    8      13  4     4.68      14  4     4.61
  23    5    8       8  5     4.04       9  5     3.96
  23    6    8       8  6     4.83       9  6     4.70
  23    7    8       6  7     4.16       5  7     4.12
  23    8    8      13  4     5.25       6  8     5.21      14  4     5.19       5  8     5.02
  23    9    8       9  6     4.46      13  4     4.45       8  6     4.44      14  4     4.41       4  9     4.39       8  5     4.38       6  8     4.35       9  5     4.34       6  7     4.25
  23   10    8       5 10     5.14       4 10     4.91
  23   11    8       3 11     4.35      13  4     4.23       8  6     4.22      14  4     4.21       6  8     4.17       5 10     4.14
  23   12    8       4 12     5.26      14  4     5.17      13  4     5.14       3 12     5.13       9  6     5.07       8  6     5.00
  23   13    8       3 13     4.84      13  4     4.83       6  8     4.80      14  4     4.78       9  6     4.74       6  7     4.72       8  6     4.69
  23   14    8       3 14     5.30      13  4     5.19       6  8     5.18      14  4     5.15       9  6     5.12       8  6     5.06
  23   15    8      13  4     4.70       9  6     4.67       8  6     4.64       6  8     4.62       5  8     4.57      14  4     4.55       5 10     4.55       4 12     4.50
  23   16    8       6  8     5.54       5  8     5.35      13  4     5.32      14  4     5.28
  23   17    8       6  8     4.82       9  6     4.80      13  4     4.79       5 10     4.78      14  4     4.71       5  8     4.67       8  6     4.66       4 12     4.65
  23   18    8       9  6     5.61       8  6     5.52      13  4     5.33
  23   19    8      13  4     5.15      14  4     5.10       9  6     5.05       6  8     5.03       8  6     4.95
  23   20    8      13  4     5.44       5 10     5.40      14  4     5.39       9  6     5.24       6  8     5.24       8  6     5.17
  23   21    8       9  6     5.05       6  8     5.01       8  6     5.00      13  4     4.88       5  8     4.87       4 12     4.85       5 10     4.81
  23   22    8       6  8     5.31       9  6     5.30       8  6     5.25      13  4     5.18       4 12     5.15       5 10     5.10      14  4     5.10       3 14     5.09       5  8     5.08
  23   23    8      13  4     5.25       9  6     5.20      14  4     5.20       6  8     5.17       8  6     5.11       5  8     5.07       5 10     5.00
  23   24    8       9  6     5.61       6  8     5.59      13  4     5.52       4 12     5.52       8  6     5.50      14  4     5.48       5  8     5.44       3 12     5.38
  23   25    8       9  6     5.10       8  6     5.09       6  8     5.08      13  4     5.05       3 13     5.00       5 10     4.96       5  8     4.95       4 12     4.93      14  4     4.91       3 14     4.87
  23   26    8      13  4     5.48       9  6     5.47      14  4     5.44       6  8     5.41       8  6     5.39       3 14     5.37       5 10     5.25       5  8     5.23       4 12     5.21
  23   27    8       9  6     5.21       8  6     5.17      13  4     5.15       6  8     5.14       3 14     5.13       5 10     5.11      14  4     5.08       5  8     5.03       4 12     5.02
  23   28    8      13  4     5.51       3 14     5.49      14  4     5.44       9  6     5.36       6  8     5.34       8  6     5.28       5 10     5.28
  23   29    8      13  4     5.26      14  4     5.22       6  8     5.22       9  6     5.21       8  6     5.13       4 12     5.10       5  8     5.07
  23   30    8       9  6     5.66       8  6     5.55       5 10     5.53      13  4     5.39       6  8     5.39
  23   31    8       9  6     5.14       8  6     5.01       6  8     5.00       5  8     5.00       5 10     4.97       4 12     4.93      13  4     4.90       3 12     4.89
  23   32    8       6  8     5.65      13  4     5.65      14  4     5.57       5  8     5.53
  24    1    8      17  1     1.86      18  1     1.84      19  1     1.81
  24    2    8      17  2     3.64      19  2     3.61      18  2     3.60      20  2     3.55
  24    3    8      13  3     3.56      14  3     3.49      16  3     3.42
  24    4    8      14  4     4.75      13  4     4.64
  24    5    8       8  5     4.28       9  5     4.14
  24    6    8       8  6     5.32
  24    7    8       6  7     4.60
  24    8    8       6  8     5.45
  24    9    8       4  9     4.68
  24   10    8       8  6     5.37       5 10     5.31       4 10     5.20       6  8     5.17
  24   11    8       3 11     4.55       6  8     4.52       4 11     4.38       8  6     4.35      14  4     4.35       6  7     4.33
  24   12    8       4 12     5.54       3 12     5.49
  24   13    8       3 13     5.12
  24   14    8       3 14     5.58
  24   15    8       8  6     5.20       6  8     5.10      14  4     5.05       9  6     5.02       4 12     4.96      13  4     4.95
  24   16    8       6  8     5.66       5  8     5.46      14  4     5.39
  24   17    8       8  6     4.95       6  8     4.95       4 12     4.92       9  6     4.86       3 14     4.82       3 13     4.80       4  9     4.80      14  4     4.79       5 10     4.76       3 12     4.71
  24   18    8       9  6     5.57       8  6     5.51
  24   19    8       8  6     5.11       6  8     5.09       9  6     5.01       3 14     4.95       4 12     4.95      14  4     4.93       3 12     4.86
  24   20    8      14  4     5.71       5 10     5.55      13  4     5.55       8  6     5.55       6  8     5.51       4 12     5.51       9  6     5.45
  24   21    8       8  6     5.25       6  8     5.20       9  6     5.16       3 13     5.03       3 14     5.02       4 12     5.02
  24   22    8       8  6     5.52       6  8     5.49       9  6     5.41       3 14     5.36       4 12     5.29      14  4     5.25
  24   23    8       8  6     5.34      14  4     5.32       9  6     5.32       6  8     5.31      13  4     5.20       5  8     5.15       5 10     5.09       3 12     5.08
  24   24    8       9  6     5.74       6  8     5.73       8  6     5.69       4 12     5.65       3 12     5.62      14  4     5.56       5  8     5.49      13  4     5.45
  24   25    8       8  6     5.33       6  8     5.27       3 13     5.27       9  6     5.25      14  4     5.16       4 12     5.09       3 14     5.08
  24   26    8       3 14     5.65       8  6     5.62      14  4     5.59       9  6     5.59       6  8     5.58      13  4     5.44       4 12     5.43
  24   27    8       9  6     5.22       8  6     5.14       4 12     5.11       6  8     5.11       3 12     5.05      14  4     5.03      13  4     5.02       5 10     5.01
  24   28    8       3 14     5.73      14  4     5.68       8  6     5.59       9  6     5.55       6  8     5.54      13  4     5.52
  24   29    8      14  4     5.34       6  8     5.34       8  6     5.31       9  6     5.31       4 12     5.23      13  4     5.19       3 14     5.17       3 12     5.09
  24   30    8       9  6     5.61       8  6     5.59       6  8     5.41       5 10     5.35
  24   31    8       8  6     5.38       9  6     5.37       6  8     5.36       3 14     5.29       4 12     5.26       5  8     5.19       3 12     5.18      14  4     5.15       5 10     5.12
  24   32    8       6  8     5.80      14  4     5.73       4 12     5.58       3 14     5.56      13  4     5.55       5  8     5.54
  25    1    8      17  1     1.88      18  1     1.87      19  1     1.84      20  1     1.83
  25    2    8      18  2     3.67      17  2     3.67      19  2     3.66      20  2     3.63
  25    3    8      13  3     3.59      14  3     3.52      16  3     3.45
  25    4    8      13  4     4.77      14  4     4.75
  25    5    8       9  5     4.10       8  5     3.91
  25    6    8       8  6     4.79       9  6     4.69
  25    7    8       5  7     4.75
  25    8    8       5  8     5.40
  25    9    8       4  9     4.43
  25   10    8       5 10     5.52
  25   11    8       5  8     4.52       5  7     4.48       3 11     4.39      13  4     4.34      14  4     4.34       8  6     4.30
  25   12    8       9  6     5.58      13  4     5.56      14  4     5.56
  25   13    8       3 13     4.89       5 10     4.67       5  8     4.66
  25   14    8       3 14     5.33
  25   15    8       5  8     5.15      13  4     5.08      14  4     5.06       5 10     5.04       9  6     5.02
  25   16    8       5  8     5.55      13  4     5.42      14  4     5.39       6  8     5.36
  25   17    8       5 10     5.25      13  4     5.12      14  4     5.12       9  6     5.07       5  8     4.99
  25   18    8       9  6     5.60
  25   19    8       9  6     5.02      13  4     5.02      14  4     5.00       5  8     4.98
  25   20    8      13  4     5.70      14  4     5.70       5 10     5.68       9  6     5.44
  25   21    8       9  6     5.16       5  8     5.04       5 10     5.03      13  4     4.99
  25   22    8       9  6     5.41       5 10     5.30      14  4     5.29      13  4     5.29       5  8     5.23
  25   23    8      13  4     5.34      14  4     5.33       5  8     5.30       9  6     5.28       5 10     5.25
  25   24    8       9  6     5.72       5  8     5.60      13  4     5.59      14  4     5.58
  25   25    8       9  6     5.23      13  4     5.19      14  4     5.18       5 10     5.17       5  8     5.12       3 13     5.02
  25   26    8      14  4     5.52       9  6     5.50      13  4     5.49       5 10     5.43       5  8     5.38       3 14     5.35
  25   27    8       9  6     5.18       5 10     5.15      13  4     5.13       5  8     5.08      14  4     5.06
  25   28    8      13  4     5.67      14  4     5.66       9  6     5.54       3 14     5.53       5 10     5.52       5  8     5.40
  25   29    8      14  4     5.31      13  4     5.29       9  6     5.28       5  8     5.17
  25   30    8       5 10     5.59       9  6     5.59      13  4     5.38      14  4     5.36
  25   31    8       9  6     5.35       5  8     5.34       5 10     5.29      13  4     5.22      14  4     5.18
  25   32    8      13  4     5.74      14  4     5.74       5  8     5.67       6  8     5.54       5 10     5.47
  26    1    8      17  1     1.92      18  1     1.90      19  1     1.87      20  1     1.85
  26    2    8      19  2     3.76      18  2     3.72      17  2     3.72      20  2     3.71
  26    3    8      13  3     3.89
  26    4    8      13  4     5.18
  26    5    8      13  3     4.20      13  4     4.20       9  5     4.14
  26    6    8       8  6     4.71       9  6     4.64      19  2     4.54      18  2     4.52
  26    7    8      13  4     4.70
  26    8    8       6  8     5.10       5  8     5.01
  26    9    8       4  9     4.42      13  4     4.30
  26   10    8      13  4     5.43       5 10     5.19
  26   11    8      13  4     4.67      14  4     4.54
  26   12    8      13  4     5.71       9  6     5.62      14  4     5.62
  26   13    8       3 13     4.91      13  4     4.88       9  6     4.67
  26   14    8       3 14     5.40      13  4     5.23
  26   15    8      13  4     5.31      14  4     5.12       9  6     5.12
  26   16    8      13  4     5.61      14  4     5.46       6  8     5.42
  26   17    8      13  4     5.33      14  4     5.20       9  6     5.11
  26   18    8       9  6     5.61      13  4     5.43
  26   19    8      13  4     5.31       9  6     5.08      14  4     5.06
  26   20    8      13  4     5.87      14  4     5.76
  26   21    8      13  4     5.31       9  6     5.18
  26   22    8      13  4     5.61       9  6     5.46      14  4     5.36
  26   23    8      13  4     5.55      14  4     5.38       9  6     5.35
  26   24    8      13  4     5.75       9  6     5.75      14  4     5.61       6  8     5.50       8  6     5.47
  26   25    8      13  4     5.44       9  6     5.30      14  4     5.24
  26   26    8      13  4     5.63      14  4     5.48       9  6     5.47       3 14     5.39
  26   27    8       9  6     5.24      13  4     5.09      14  4     5.01
  26   28    8      13  4     5.84      14  4     5.70       9  6     5.62       3 14     5.58
  26   29    8      13  4     5.43      14  4     5.38       9  6     5.34
  26   30    8       9  6     5.63       5 10     5.44       8  6     5.41      14  4     5.36
  26   31    8      13  4     5.55       9  6     5.41
  26   32    8      13  4     5.82      14  4     5.76       6  8     5.60
  27    1    8      17  1     1.94      18  1     1.93      19  1     1.90      20  1     1.88
  27    2    8      19  2     3.78      20  2     3.77      18  2     3.76      17  2     3.75
  27    3    8      14  3     3.60      16  3     3.51
  27    4    8      14  4     4.81
  27    5    8       9  5     4.38
  27    6    8       9  6     5.43
  27    7    8       9  6     4.62       5  7     4.45       9  5     4.43
  27    8    8       6  8     5.05       5  8     5.02      14  4     4.89
  27    9    8       9  6     4.49       4  9     4.45       9  5     4.30
  27   10    8       9  6     5.42       5 10     5.17
  27   11    8       9  6     4.64       3 11     4.58
  27   12    8       9  6     5.85      14  4     5.61
  27   13    8       3 13     5.16
  27   14    8       3 14     5.63
  27   15    8       9  6     5.32      14  4     5.12
  27   16    8       6  8     5.46      14  4     5.42       9  6     5.39       5  8     5.32      13  4     5.30
  27   17    8       9  6     5.36      14  4     5.19
  27   18    8       9  6     5.77
  27   19    8       9  6     5.32
  27   20    8       9  6     5.73      14  4     5.73      13  4     5.48       5 10     5.45
  27   21    8       9  6     5.41
  27   22    8       9  6     5.66       3 14     5.38
  27   23    8       9  6     5.54      14  4     5.36
  27   24    8       9  6     5.88       3 12     5.59
  27   25    8       9  6     5.41
  27   26    8       9  6     5.84       3 14     5.68      14  4     5.63
  27   27    8       9  6     5.28       3 12     5.09
  27   28    8       9  6     5.67      14  4     5.53       3 14     5.53      13  4     5.48       3 12     5.43
  27   29    8       9  6     5.66      14  4     5.48
  27   30    8       9  6     5.81
  27   31    8       9  6     5.52
  27   32    8       9  6     5.90      14  4     5.87       6  8     5.64      13  4     5.62       3 14     5.61
  28    1    8      17  1     1.98      18  1     1.96      19  1     1.92      20  1     1.90
  28    2    8      19  2     3.84      17  2     3.82      20  2     3.81      18  2     3.79
  28    3    8      14  3     3.91
  28    4    8      14  4     5.30
  28    5    8      14  4     4.32      14  3     4.25       8  5     4.17
  28    6    8       9  6     5.00       8  6     4.92
  28    7    8       5  7     4.38       6  7     4.29
  28    8    8      14  4     5.74
  28    9    8       4  9     4.72
  28   10    8      14  4     5.55
  28   11    8      14  4     4.66
  28   12    8       4 12     5.59      14  4     5.50
  28   13    8      14  4     5.28
  28   14    8       3 14     5.36      14  4     5.32
  28   15    8      14  4     5.40
  28   16    8      14  4     5.66       6  8     5.59       5  8     5.40
  28   17    8      14  4     5.23
  28   18    8      14  4     5.80       9  6     5.60       8  6     5.54
  28   19    8      14  4     5.31
  28   20    8      14  4     5.83
  28   21    8      14  4     5.60
  28   22    8      14  4     5.71
  28   23    8      14  4     5.50
  28   24    8      14  4     5.87       4 12     5.65       6  8     5.65       9  6     5.61
  28   25    8      14  4     5.43
  28   26    8      14  4     5.81
  28   27    8      14  4     5.53
  28   28    8      14  4     5.89
  28   29    8      14  4     5.65
  28   30    8      14  4     5.81       9  6     5.69       8  6     5.55       5 10     5.52
  28   31    8      14  4     5.49       9  6     5.25
  28   32    8      14  4     5.99
  29    1    8      17  1     2.01      18  1     1.99      19  1     1.94      20  1     1.94
  29    2    8      19  2     3.87      20  2     3.86      17  2     3.85      18  2     3.85
  29    3    8      16  3     3.57      14  3     3.49      13  3     3.46
  29    4    8      14  4     4.64      13  4     4.56      19  2     4.55      20  2     4.54      17  2     4.53      18  2     4.51      16  4     4.47
  29    5    8       9  5     3.89       8  5     3.85
  29    6    8       8  6     5.13       9  6     5.07
  29    7    8       5  7     4.42       6  7     4.40
  29    8    8       6  8     5.34       5  8     5.29      14  4     5.23      13  4     5.19
  29    9    8       4  9     4.49
  29   10    8       5 10     5.39
  29   11    8       6  8     4.74       8  6     4.71       9  6     4.70      13  4     4.68      14  4     4.68       5  8     4.63       6  7     4.63       8  8     4.63       5  7     4.61      16  4     4.59       5 10     4.52
  29   12    8       4 12     5.34       9  6     5.31      13  4     5.30       3 12     5.24      14  4     5.24       8  6     5.15
  29   13    8       3 13     4.93       6  8     4.92       6  7     4.83       5 10     4.79       9  6     4.78       5  8     4.78       8  6     4.77      14  4     4.76      13  4     4.76       8  8     4.74       5  7     4.73      16  4     4.69
  29   14    8       3 14     5.40
  29   15    8       9  6     4.82       8  6     4.76      13  4     4.75      14  4     4.65       6  8     4.65       5  8     4.62
  29   16    8       6  8     5.59      13  4     5.53      14  4     5.52       5  8     5.50       8  6     5.32
  29   17    8       9  6     4.93      13  4     4.85       5 10     4.82       8  6     4.81       6  8     4.79      14  4     4.77
  29   18    8       9  6     5.63       8  6     5.52       5 10     5.40
  29   19    8       9  6     5.13      13  4     5.12       6  8     5.12       8  6     5.04       5  8     5.00      14  4     4.97       8  8     4.95      16  4     4.94
  29   20    8      13  4     5.54       5 10     5.44      14  4     5.43       6  8     5.32
  29   21    8       6  8     5.23       9  6     5.23      13  4     5.18       8  6     5.15      14  4     5.08       5  8     5.06       5 10     5.01
  29   22    8       6  8     5.48       9  6     5.46       8  6     5.41      13  4     5.39      14  4     5.31       5 10     5.31       3 14     5.26       5  8     5.25       8  8     5.24      19  2     5.22      17  2     5.22      20  2     5.21
  29   23    8      13  4     5.05       9  6     5.00       5  8     4.97       6  8     4.95       8  6     4.95       5 10     4.87      14  4     4.87
  29   24    8       6  8     5.68       9  6     5.66      13  4     5.65      14  4     5.56       5  8     5.52       8  6     5.50       4 12     5.46       3 12     5.44
  29   25    8       9  6     5.25      13  4     5.13       3 13     5.11      14  4     5.08       6  8     5.07       8  6     5.05       5 10     5.02
  29   26    8       9  6     5.37       3 14     5.34      13  4     5.30      14  4     5.20       5 10     5.12       5  8     5.10       8  6     5.10
  29   27    8       9  6     5.33       3 14     5.25      13  4     5.23       5 10     5.20       6  8     5.17       8  6     5.16      14  4     5.13       5  8     5.11
  29   28    8      13  4     5.66       3 14     5.61      14  4     5.60       9  6     5.51       6  8     5.41       5 10     5.38       8  6     5.37
  29   29    8       9  6     5.19       6  8     5.15      13  4     5.14       5  8     5.04       8  6     5.03      14  4     4.99
  29   30    8       9  6     5.73       5 10     5.54       8  6     5.53      13  4     5.50       6  8     5.46
  29   31    8       9  6     5.37      13  4     5.31       6  8     5.26      14  4     5.26       5  8     5.16       5 10     5.15       3 14     5.15       8  6     5.14
  29   32    8       6  8     5.68       5  8     5.58      13  4     5.40
  30    1    8      18  1     2.02      17  1     2.00      19  1     1.99      20  1     1.96
  30    2    8      19  2     3.92      17  2     3.92      18  2     3.90      20  2     3.88
  30    3    8      13  3     3.70      16  3     3.59
  30    4    8      13  4     4.88      14  4     4.71
  30    5    8       8  5     4.06       9  5     3.98
  30    6    8       8  6     5.23       9  6     5.04
  30    7    8       5  7     4.81
  30    8    8       6  8     5.51       5  8     5.45
  30    9    8       6  8     4.71       8  6     4.65       5  7     4.60       5  8     4.59       8  5     4.58       6  7     4.54       9  6     4.50
  30   10    8       5 10     5.58
  30   11    8       6  8     4.93       5  8     4.84       5  7     4.83      13  4     4.81       5 10     4.81       6  7     4.80       8  6     4.79      14  4     4.72
  30   12    8       3 12     5.53       4 12     5.30
  30   13    8       3 13     5.19
  30   14    8       3 14     5.67       6  8     5.53
  30   15    8       5  8     4.91       6  8     4.89       5 10     4.87       9  6     4.86       3 14     4.83       3 12     4.82       3 13     4.81      13  4     4.80      14  4     4.78       8  6     4.68
  30   16    8       6  8     5.67      14  4     5.61       5  8     5.60      13  4     5.60       8  6     5.40       5 10     5.39
  30   17    8       5 10     5.10       3 13     4.99       3 14     4.98       6  8     4.96       9  6     4.96       3 12     4.87       5  8     4.86       8  6     4.85      14  4     4.85
  30   18    8       9  6     5.56       8  6     5.47       5 10     5.36       3 14     5.33       6  8     5.29
  30   19    8       6  8     5.23      13  4     5.18       5  8     5.15      14  4     5.15       8  6     5.12       9  6     5.09       3 14     5.08       3 12     5.00       8  8     4.98      16  4     4.97
  30   20    8       5 10     5.63      14  4     5.54      13  4     5.48       6  8     5.44
  30   21    8       6  8     5.15       9  6     5.11       5 10     5.06       5  8     5.06       3 13     5.04       3 14     5.04       8  6     5.03      14  4     5.03      13  4     4.98       5  7     4.91
  30   22    8       6  8     5.61       8  6     5.53       5 10     5.49       3 14     5.47      14  4     5.46      13  4     5.45       9  6     5.44       5  8     5.43       3 12     5.36       8  8     5.33
  30   23    8       5  8     5.14       6  8     5.06       5 10     5.03       9  6     5.02      13  4     5.00      14  4     4.97       8  6     4.96       3 12     4.92
  30   24    8       6  8     5.72       5  8     5.65       3 12     5.60       9  6     5.55      14  4     5.53       8  6     5.51      13  4     5.48
  30   25    8       3 13     5.42       6  8     5.34       5 10     5.33       8  6     5.31      14  4     5.30       5  8     5.27       9  6     5.25      13  4     5.24       3 14     5.22
  30   26    8       3 14     5.57       6  8     5.37       9  6     5.35      14  4     5.35       5 10     5.34      13  4     5.29
  30   27    8       5 10     5.29       6  8     5.17       5  8     5.16       9  6     5.14       8  6     5.05
  30   28    8       3 14     5.81      14  4     5.77      13  4     5.73       5 10     5.67       6  8     5.63       8  6     5.59       9  6     5.58       5  8     5.53
  30   29    8       6  8     5.25       5  8     5.18       9  6     5.14      14  4     5.10       8  6     5.10      13  4     5.09
  30   30    8       5 10     5.70       9  6     5.60       8  6     5.55       6  8     5.54       5  8     5.44
  30   31    8       5  8     5.46       6  8     5.46      14  4     5.45      13  4     5.43       5 10     5.41       9  6     5.40       3 14     5.37       8  6     5.36       3 12     5.27      16  4     5.19
  30   32    8       6  8     5.77       5  8     5.68       5 10     5.52      14  4     5.49
  31    1    8      17  1     2.04      18  1     2.02      19  1     2.01      20  1     1.99
  31    2    8      19  2     3.97      18  2     3.95      17  2     3.95      20  2     3.93
  31    3    8      13  3     3.73
  31    4    8      13  4     4.94      14  4     4.69
  31    5    8       9  5     3.95       8  5     3.82
  31    6    8       9  6     5.10
  31    7    8       5  7     4.51      13  4     4.44       6  7     4.38
  31    8    8       6  8     5.18       5  8     5.15
  31    9    8       9  6     4.67       8  6     4.63       8  5     4.57      13  4     4.56       9  5     4.52       4  9     4.52      14  4     4.49
  31   10    8       5 10     5.32       4 10     5.05
  31   11    8       3 11     4.45       9  6     4.43      14  4     4.42      13  4     4.40       8  6     4.34       6  8     4.31       4 11     4.25
  31   12    8       9  6     5.65      13  4     5.53       8  6     5.51      14  4     5.46       4 12     5.40
  31   13    8       3 13     4.98
  31   14    8       3 14     5.44       9  6     5.33      13  4     5.27       8  6     5.23      14  4     5.22      19  2     5.21      20  2     5.18      17  2     5.17
  31   15    8       9  6     4.83      14  4     4.77       8  6     4.75      13  4     4.73       5  8     4.64       6  8     4.60       4 12     4.60
  31   16    8      14  4     5.47      13  4     5.44       6  8     5.43       5  8     5.39       9  6     5.26
  31   17    8       9  6     5.17      13  4     5.08      14  4     5.07       8  6     5.05       5 10     5.02
  31   18    8       9  6     5.60       8  6     5.40
  31   19    8       9  6     5.07      14  4     5.07      13  4     5.04       8  6     4.93       4 12     4.83
  31   20    8      13  4     5.67      14  4     5.66       5 10     5.52       9  6     5.52       8  6     5.40
  31   21    8       9  6     5.08      14  4     5.02       8  6     4.96      13  4     4.93       4 12     4.88       6  8     4.82
  31   22    8       9  6     5.46      14  4     5.36       8  6     5.33      13  4     5.32       4 12     5.24       3 14     5.19       6  8     5.19
  31   23    8      13  4     5.11       9  6     5.10      14  4     5.09       8  6     5.04       5  8     4.94       6  8     4.94      20  2     4.88       5 10     4.87
  31   24    8       9  6     5.59      14  4     5.56      13  4     5.48       6  8     5.47       3 12     5.46       8  6     5.42       5  8     5.41       4 12     5.35
  31   25    8       9  6     5.26      14  4     5.24      13  4     5.17       8  6     5.14       3 13     5.11       4 12     5.06
  31   26    8       9  6     5.50      14  4     5.46       3 14     5.45      13  4     5.39       8  6     5.31      20  2     5.25      19  2     5.25       4 12     5.24       5 10     5.23
  31   27    8       9  6     5.17       4 12     5.06       5 10     5.06       8  6     5.01      13  4     4.98       6  8     4.93
  31   28    8      14  4     5.73      13  4     5.66       3 14     5.61       9  6     5.58       8  6     5.46
  31   29    8       9  6     5.34      14  4     5.30      13  4     5.24       4 12     5.19       8  6     5.17       6  8     5.15       3 14     5.09
  31   30    8       9  6     5.63       5 10     5.53       8  6     5.49
  31   31    8       9  6     5.39      14  4     5.38      13  4     5.33       8  6     5.27       4 12     5.20       3 14     5.16       5  8     5.15       6  8     5.15       5 10     5.14
  31   32    8      14  4     5.76      13  4     5.67       9  6     5.58       6  8     5.57       4 12     5.51       5  8     5.51
  32    1    8      17  1     2.06      18  1     2.05      20  1     2.02      19  1     2.00
  32    2    8      19  2     4.01      18  2     3.98      20  2     3.98      17  2     3.93
  32    3    8      16  3     3.81      13  3     3.77      14  3     3.72
  32    4    8      14  4     4.84      13  4     4.78
  32    5    8       8  5     4.40       9  5     4.25
  32    6    8       8  6     5.47
  32    7    8       8  6     4.57       5  7     4.55       8  5     4.47      14  4     4.46      13  4     4.45       6  7     4.44       9  6     4.38
  32    8    8       6  8     5.21       5  8     5.16
  32    9    8       4  9     4.75
  32   10    8       8  6     5.50       5 10     5.30       4 10     5.29
  32   11    8       3 11     4.50       8  6     4.48       4 11     4.46       9  6     4.42      14  4     4.39      13  4     4.34
  32   12    8       8  6     5.68       9  6     5.67       4 12     5.63      14  4     5.61      13  4     5.49
  32   13    8       3 13     5.01
  32   14    8       3 14     5.49
  32   15    8       8  6     5.25       9  6     5.13      14  4     5.11      13  4     5.07       4 12     5.05
  32   16    8      14  4     5.48       6  8     5.47       5  8     5.40      13  4     5.40       8  6     5.27       4 12     5.26       9  6     5.25
  32   17    8       8  6     5.25       9  6     5.19       4 12     5.18      14  4     5.11      13  4     5.06       4  9     5.05       5 10     4.99
  32   18    8       8  6     5.77       9  6     5.75      14  4     5.49
  32   19    8       9  6     5.06       4 12     5.04      14  4     5.04       8  6     4.99      13  4     4.98       6  8     4.83       4 10     4.82       3 14     4.81
  32   20    8      14  4     5.73      13  4     5.61       8  6     5.59       4 12     5.58       5 10     5.50       9  6     5.50
  32   21    8       8  6     5.27       9  6     5.22       4 12     5.17      14  4     5.16      13  4     5.09       6  8     5.03
  32   22    8       8  6     5.39       4 12     5.33       9  6     5.27      14  4     5.23       6  8     5.16      13  4     5.15
  32   23    8       8  6     5.24       9  6     5.19      14  4     5.10      13  4     5.07       5  8     4.98
  32   24    8       8  6     5.70      14  4     5.69       4 12     5.68       9  6     5.66      13  4     5.60       6  8     5.54       3 12     5.51       5  8     5.48
  32   25    8       9  6     5.21       8  6     5.16      14  4     5.14      13  4     5.02       4 10     4.98       6  8     4.96
  32   26    8       9  6     5.53       8  6     5.51       3 14     5.50      14  4     5.49       4 12     5.41      13  4     5.37       6  8     5.26
  32   27    8       8  6     5.40       9  6     5.37       3 14     5.30      14  4     5.28       4 12     5.28      13  4     5.20       5 10     5.17
  32   28    8      14  4     5.68       3 14     5.66      13  4     5.54       8  6     5.54       9  6     5.50       4 12     5.44
  32   29    8       8  6     5.37       9  6     5.36      14  4     5.31       4 12     5.28       6  8     5.19      13  4     5.19       3 14     5.11       4 10     5.11
  32   30    8       9  6     5.78       8  6     5.77      14  4     5.56       5 10     5.55
  32   31    8       8  6     5.39       9  6     5.36      14  4     5.30      13  4     5.22       6  8     5.18       5  8     5.17
  32   32    8      14  4     5.77       8  6     5.68       4 12     5.64      13  4     5.63       6  8     5.62       9  6     5.58       5  8     5.54
