square 64
   1    1    1       1  1     0.03
   2    2    2       2  2     0.26
   3    3    3       3  3     1.01
   4    4    4       4  4     2.79
   5    5    5       5  5     4.80
   6    6    6       6  6     7.69
   7    7    7       7  7    10.55
   8    8    8       4  8    13.79
   9    9    9       3  9    12.50
  10   10   10       4 10    14.60       5 10    14.39       2 10    13.91
  11   11   11       4 11    16.95
  12   12   12       4 12    24.85
  13   13   13      13  4    16.84       5  8    16.54       6  8    16.51       7  7    16.48       6  7    16.43       2 13    16.31       5  7    16.30       7  8    16.19
  14   14   14       5  7    20.92       6  7    20.36       2 14    20.16       7  7    19.90
  15   15   15       5  8    24.41
  16   16   16       6  8    27.71       4  8    27.18       5  8    26.43
  17   17   17       4 12    21.70       6  8    21.04
  18   18   18       6  8    24.74       6  7    24.27       4 12    23.55
  19   19   19       4 12    24.83       5  8    23.65
  20   20   20       4 12    30.32
  21   21   21       6  7    25.19       6  8    24.83       5  8    24.33       4 12    24.30
  22   22   22       6  8    27.60       5  8    26.54       4 12    26.40
  23   23   23       6  8    28.09
  24   24   24       6  8    32.38       5  8    32.28       4 12    32.02
  25   25   25       5  8    25.65
  26   26   26       6  8    24.78       4 12    24.50       4 14    23.92      13  4    23.89       6  7    23.81
  27   27   27       6  8    25.96       9  4    25.40       5  8    24.75
  28   28   28       6  8    30.14       4 12    29.23       5  8    28.96
  29   29   29       6  8    28.52       5  8    27.22
  30   30   30       5  8    29.30       6  8    29.25
  31   31   31       5  8    29.83       6  8    29.60       4 12    29.38
  32   32   32       5  8    32.67       4 12    32.52       6  8    31.36
  33   33   33       4 12    25.87
  34   34   34       4 12    28.57       5  8    27.71       6  8    27.33
  35   35   35       6  8    27.86       5  8    27.32       4 12    27.27
  36   36   36       4 12    32.37
  37   37   37       6  8    26.49       5  8    26.04
  38   38   38       6  8    28.63       5  8    28.06
  39   39   39       5  8    28.69       6  8    28.47
  40   40   40       5  8    33.32       6  8    32.38
  41   41   41       6  8    28.40       4 12    28.36
  42   42   42       6  8    30.03       4 12    29.67
  43   43   43       4 12    27.50       6  8    26.95
  44   44   44       4 12    32.76
  45   45   45       5  8    27.96       4 12    27.50       6  8    26.91
  46   46   46       6  8    30.02       4 12    28.79       5  8    28.54
  47   47   47       6  8    30.20
  48   48   48       6  8    34.21       4 12    33.71
  49   49   49       5  8    27.22       6  8    27.13       4 12    27.04
  50   50   50       5  8    29.95       6  8    29.06       4 12    28.75
  51   51   51       4 12    26.93       6  8    26.93       5  8    26.88
  52   52   52       6  8    31.96       4 12    31.76       5  8    30.64
  53   53   53       6  8    29.29       4 12    29.06
  54   54   54       6  8    31.19       5  8    29.70
  55   55   55       5  8    29.91       6  8    29.26       4 12    28.78
  56   56   56       4 12    33.57       6  8    32.66
  57   57   57       6  8    24.77       5  8    23.98
  58   58   58       4 12    30.24       6  8    29.57
  59   59   59       6  8    29.47       4 12    29.26       5  8    28.82
  60   60   60       4 12    34.15       6  8    32.59
  61   61   61       6  8    27.95       4 12    27.68       5  8    27.65
  62   62   62       6  8    29.48       5  8    29.05       4 12    28.63
  63   63   63       6  8    30.25       5  8    30.04       4 12    29.59
  64   64   64       6  8    31.33       5  8    30.53
(n,n*n)T(n,n) 32
   1    1    1       1  1     0.06
   4    2    2       4  2     0.79       2  2     0.78
   9    3    3       9  3     3.33
  16    4    4       4  4     8.63       8  4     8.52      16  4     8.30
  25    5    5       5  5    10.37
  36    6    6       6  6    15.44       4  6    14.85
  49    7    7       5  7    18.88       7  7    18.39       6  7    18.32       4  7    18.11
  64    8    8       6  8    25.54       4  8    25.48       5  8    25.41
  81    9    9       4  9    17.62       6  5    17.17       9  4    16.95
 100   10   10       5  6    20.58       4 10    20.49       6  6    20.41      10  4    19.81
 121   11   11       4 11    22.72       6  7    22.48       5  7    21.91       6  8    21.85
 144   12   12       4 12    32.74
 169   13   13       6  8    22.82       5  8    22.46       6  7    21.84
 196   14   14       6  8    24.16       5  8    24.10       4  8    23.51       5  7    23.32       6  7    23.11
 225   15   15       6  8    25.83       5  8    25.79       4  8    25.08
 256   16   16       6  8    28.66       5  8    28.23
 289   17   17       4 12    25.12
 324   18   18       4 12    27.10
 361   19   19       4 12    28.23
 400   20   20       4 12    30.65
 441   21   21       6  8    25.42       4 12    25.31       5  8    25.10       6  7    24.63       5  7    24.46
 484   22   22       5  8    25.81       6  8    25.80       4 12    24.82
 529   23   23       6  8    28.20       5  8    27.56       4 12    27.12
 576   24   24       4 12    31.47       5  8    31.26       6  8    31.02
 625   25   25       4 12    24.12       6  8    23.89       5  8    23.26
 676   26   26       6  8    24.56       4 12    24.51       5  8    24.28
 729   27   27       6  8    24.26       4 12    24.04       5  8    23.71
 784   28   28       4 12    27.95       6  8    27.78       5  8    27.59
 841   29   29       4 12    25.65       6  8    25.07       5  8    24.58
 900   30   30       4 12    26.61       6  8    25.84       5  8    25.73
 961   31   31       4 12    27.37       6  8    26.69       5  8    26.24
1024   32   32       4 12    23.72       6  8    22.82
small non-square k=8 32
   1    1    8       1  1     0.39
   1    2    8       1  2     0.76
   1    3    8       1  3     1.16
   1    4    8       1  4     1.67
   1    5    8       1  5     1.83
   1    6    8       1  6     2.20
   1    7    8       1  7     2.57
   1    8    8       1  8     3.16
   1    9    8       1  9     3.16
   1   10    8       1 10     3.53
   1   11    8       1 11     3.87
   1   12    8       1 12     4.55
   1   13    8       1 13     4.41
   1   14    8       1 14     4.79
   1   15    8       1 15     5.12
   1   16    8       1 16     5.81
   1   17    8       1 17     5.68
   1   18    8       1 18     6.03
   1   19    8       1 19     6.33
   1   20    8       1 20     7.09
   1   21    8       1 16     5.18       1 17     5.15       1 20     5.15       1 12     5.11       1  7     5.09       1 18     5.05       1 19     5.04       1 11     4.98       1 13     4.96       1 15     4.92
   1   22    8       1 11     6.13
   1   23    8       1 20     5.71       1 16     5.71       1 19     5.65       1 12     5.58       1 15     5.44
   1   24    8       1 12     7.27
   1   25    8       1 20     6.03       1 17     6.02       1 18     5.90       1 19     5.89       1 16     5.86       1 13     5.84       1 15     5.81       1 14     5.79
   1   26    8       1 13     6.76
   1   27    8       1 20     6.57       1 19     6.48       1 15     6.32       1 16     6.30
   1   28    8       1 14     7.23       1 16     7.03       1 20     6.97
   1   29    8       1 17     6.81       1 20     6.79       1 16     6.77       1 15     6.57       1 18     6.55       1 19     6.54
   1   30    8       1 15     7.77
   1   31    8       1 19     7.28       1 16     7.25       1 20     7.24
   1   32    8       1 16     9.13
   2    1    8       2  1     0.69
   2    2    8       2  2     1.36
   2    3    8       2  3     2.10
   2    4    8       2  4     3.03
   2    5    8       2  5     3.27
   2    6    8       2  6     3.92
   2    7    8       2  7     4.63
   2    8    8       2  8     5.52       1  8     5.37
   2    9    8       2  9     5.72
   2   10    8       2 10     6.35
   2   11    8       2 11     6.97
   2   12    8       2 12     7.84
   2   13    8       2 13     7.83
   2   14    8       2 14     8.51
   2   15    8       2 15     9.03
   2   16    8       2 16     9.78
   2   17    8       2 17     9.52
   2   18    8       2 18    10.09
   2   19    8       2 19    10.65
   2   20    8       2 20    10.96       1 20    10.66
   2   21    8       2 17     8.65       2  7     8.51       2 13     8.48       2 11     8.45       2 19     8.44       2 14     8.44       2 12     8.43       2 15     8.42       2 18     8.39       2 16     8.35
   2   22    8       2 11     9.47       2 18     9.06       2 14     9.03
   2   23    8       2 19     9.46       2 15     9.28       2 12     9.16       2 16     9.14
   2   24    8       2 12    10.82       1 12    10.60
   2   25    8       2 14     9.64       2 15     9.64       2 17     9.62       2 13     9.58       2 19     9.57       2 18     9.55       2 16     9.55       2 20     9.28
   2   26    8       2 13    10.65       2 14    10.15
   2   27    8       2 19    10.40       2 15    10.33       2 16    10.30       2 14    10.02       2 20     9.98       2 17     9.91       2 18     9.91
   2   28    8       2 14    11.18       2 16    11.16       2 20    10.99
   2   29    8       2 15    10.76       2 19    10.69       2 18    10.68       2 17    10.66       2 16    10.48       2 20    10.31
   2   30    8       2 15    12.29
   2   31    8       2 16    11.31       2 19    11.23       2 20    10.99       2 18    10.99       2 17    10.95
   2   32    8       2 16    13.63
   3    1    8       3  1     0.92
   3    2    8       3  2     1.99
   3    3    8       3  3     3.01
   3    4    8       3  4     4.08       1  4     3.90
   3    5    8       3  5     4.69
   3    6    8       3  6     5.65
   3    7    8       3  7     6.59
   3    8    8       3  8     7.65
   3    9    8       3  9     7.63
   3   10    8       3 10     8.50
   3   11    8       3 11     9.21
   3   12    8       3 12    10.19
   3   13    8       3 13     9.41
   3   14    8       3 14    10.26
   3   15    8       3 15    11.01
   3   16    8       3 16    12.00
   3   17    8       3 17    10.77
   3   18    8       3 18    11.63
   3   19    8       3 19    11.94
   3   20    8       3 20    13.35       1 20    13.00
   3   21    8       3 11    10.85       3  7    10.69       3 14    10.62       3 15    10.57       3 16    10.42       3 13    10.38
   3   22    8       3 11    12.36
   3   23    8       3 15    11.46       3 16    11.37       3 12    11.27       3 19    11.00       3 13    10.92
   3   24    8       3 12    13.82
   3   25    8       3 15    11.85       3 14    11.76       3 16    11.55       3 18    11.43       3 13    11.36       3 20    11.36       3 19    11.35
   3   26    8       3 16    12.39       3 15    12.27       3 13    12.25       3 14    12.25       3 20    12.10       3 19    12.03       3 18    11.98
   3   27    8       3 16    12.36       3 20    12.29       3 15    12.12       3 19    12.03
   3   28    8       3 16    13.66       3 20    13.35       3 14    13.07
   3   29    8       3 19    12.51       3 18    12.42       3 15    12.39       3 20    12.29       3 16    12.25       3 11    12.24
   3   30    8       3 15    14.05
   3   31    8       3 16    13.29       3 20    13.14       3 19    12.71
   3   32    8       3 16    15.88
   4    1    8       4  1     1.26
   4    2    8       4  2     2.52
   4    3    8       4  3     3.83
   4    4    8       4  4     5.26       2  4     5.13
   4    5    8       4  5     5.64
   4    6    8       4  6     7.03
   4    7    8       4  7     8.26
   4    8    8       4  8     9.59
   4    9    8       4  9     9.22
   4   10    8       4 10    10.30
   4   11    8       4 11    11.15
   4   12    8       4 12    13.27
   4   13    8       2 13    10.57       4 13    10.27
   4   14    8       2 14    11.57       4  7    11.26
   4   15    8       2 15    12.18       4 15    11.78
   4   16    8       2 16    13.46       4 16    13.19       4  8    12.97
   4   17    8       2 17    12.34       4 12    12.11
   4   18    8       2 18    13.15       4 12    12.68
   4   19    8       2 19    13.79       4 12    13.53
   4   20    8       2 20    14.85       4 12    14.47       1 20    14.27
   4   21    8       4  7    13.31       4 12    13.31       4 11    13.08
   4   22    8       4 11    14.84       4 12    14.21
   4   23    8       4 12    14.75
   4   24    8       4 12    17.51
   4   25    8       4 12    13.97       4 13    13.60       4 15    13.40
   4   26    8       4 14    14.41       4 12    14.30       4 11    14.11       4 15    13.87
   4   27    8       4 12    15.00       4 15    14.76
   4   28    8       4 12    15.93       4 16    15.68
   4   29    8       4 12    15.44       4 11    14.71
   4   30    8       4 12    16.06       4 11    15.43       2 15    15.36       4 10    15.30
   4   31    8       4 12    16.58
   4   32    8       4  8    17.92       2 16    17.46       4 12    17.24
   5    1    8       5  1     1.52
   5    2    8       5  2     3.03
   5    3    8       5  3     4.58
   5    4    8       5  4     6.32
   5    5    8       5  5     6.86
   5    6    8       5  6     8.40
   5    7    8       5  7     9.78
   5    8    8       5  8    11.37
   5    9    8       5  9     9.48
   5   10    8       5 10    10.61
   5   11    8       5 11    11.65
   5   12    8       5 12    13.27
   5   13    8       5  8    11.42       5  7    11.28
   5   14    8       5  7    13.05
   5   15    8       5  8    13.21
   5   16    8       5  8    15.67
   5   17    8       5  9    12.40       5 11    12.27       3 17    12.19       5  8    12.17       5 10    12.14
   5   18    8       5 10    13.29       3 18    13.18       5  8    12.97       5 11    12.94       5  6    12.92       5 12    12.87       5  7    12.70
   5   19    8       5 11    13.84       5  8    13.56       3 19    13.50       5 12    13.17
   5   20    8       5 12    15.15       1 20    15.14       3 20    14.63       5  8    14.53       2 20    14.42
   5   21    8       5  7    14.97       5  8    14.34
   5   22    8       5  8    15.06
   5   23    8       5  8    15.68
   5   24    8       5  8    18.45
   5   25    8       5  8    14.83       5  7    14.29
   5   26    8       5  8    15.61
   5   27    8       5  8    16.02
   5   28    8       5  8    17.13
   5   29    8       5  8    16.47
   5   30    8       5  8    17.16
   5   31    8       5  8    17.76
   5   32    8       5  8    20.34
   6    1    8       6  1     1.75
   6    2    8       6  2     3.50
   6    3    8       6  3     5.30
   6    4    8       6  4     7.30
   6    5    8       6  5     7.75
   6    6    8       6  6     9.39
   6    7    8       6  7    10.90
   6    8    8       6  8    13.04
   6    9    8       3  9    10.20
   6   10    8       3 10    11.54
   6   11    8       3 11    12.44
   6   12    8       3 12    13.88       4 12    13.44       2 12    13.36
   6   13    8       6  8    12.66       6  7    12.48       3 13    12.35       2 13    12.26
   6   14    8       6  7    14.35       6  8    13.65
   6   15    8       6  8    14.59       3 15    14.49       2 15    14.20
   6   16    8       6  8    17.59
   6   17    8       2 17    14.18       6  8    13.68
   6   18    8       2 18    15.27       3 18    14.57
   6   19    8       2 19    15.78       6  8    15.23
   6   20    8       2 20    17.27       3 20    16.95       6  8    16.50
   6   21    8       6  7    16.42       6  8    15.82
   6   22    8       6  8    16.66
   6   23    8       6  8    17.41
   6   24    8       6  8    20.45
   6   25    8       6  8    16.30       6  7    15.60
   6   26    8       6  8    17.00
   6   27    8       6  8    17.55
   6   28    8       6  8    18.90
   6   29    8       6  8    18.00
   6   30    8       6  8    18.63
   6   31    8       6  8    19.23
   6   32    8       6  8    22.26
   7    1    8       7  1     1.95
   7    2    8       7  2     3.91
   7    3    8       7  3     5.95
   7    4    8       7  4     8.25
   7    5    8       7  5     7.98
   7    6    8       7  6     9.88
   7    7    8       7  7    11.61
   7    8    8       7  8    13.52
   7    9    8       4  9    10.37       7  5    10.08       7  7     9.87
   7   10    8       4 10    11.60       7  6    11.41
   7   11    8       4 11    12.51       7  7    12.45       7  8    11.93
   7   12    8       4 12    14.44
   7   13    8       7  7    12.91       7  8    12.48
   7   14    8       7  7    14.36       7  8    13.65
   7   15    8       7  8    14.44
   7   16    8       7  8    17.68
   7   17    8       7  8    13.50       2 17    13.38       7  7    13.20       1 17    12.87
   7   18    8       7  8    14.40       2 18    14.39       7  7    14.35       1 18    14.08       3 18    13.95       7  6    13.71
   7   19    8       7  8    15.16       2 19    14.90
   7   20    8       1 20    17.11       7  8    16.93       2 20    16.50       3 20    16.34
   7   21    8       7  7    15.87       7  8    15.41
   7   22    8       7  8    16.36       4 11    15.65
   7   23    8       7  8    16.86
   7   24    8       7  8    20.07
   7   25    8       7  8    15.98       7  7    15.52
   7   26    8       7  8    16.76
   7   27    8       7  8    17.27
   7   28    8       7  8    18.96
   7   29    8       7  8    17.41
   7   30    8       7  8    18.24
   7   31    8       7  8    18.52
   7   32    8       7  8    19.36       6  8    19.01       5  8    18.85       2 16    18.76
   8    1    8       8  1     2.16
   8    2    8       8  2     4.30
   8    3    8       8  3     6.51
   8    4    8       8  4     8.97       4  4     8.84
   8    5    8       8  5     7.98       4  5     7.97
   8    6    8       4  6     9.74       8  6     9.65
   8    7    8       4  7    11.46       8  7    11.26
   8    8    8       4  8    13.80
   8    9    8       4  9    12.21
   8   10    8       4 10    13.62
   8   11    8       4 11    14.97
   8   12    8       4 12    17.78
   8   13    8       2 13    13.60
   8   14    8       2 14    15.05       4  7    14.65
   8   15    8       2 15    15.73       4  8    14.98
   8   16    8       4  8    18.20       2 16    17.72
   8   17    8       2 17    15.43       4 12    15.24       4  9    14.84
   8   18    8       2 18    16.71       4 12    16.11
   8   19    8       2 19    17.16       4 12    16.96       4 11    16.38
   8   20    8       2 20    18.96       4 12    18.50
   8   21    8       4 12    16.62       4  7    16.12       4 11    15.98       4  8    15.97
   8   22    8       4 12    17.84       4 11    17.61
   8   23    8       4 12    18.31       4  8    17.63
   8   24    8       4 12    22.69
   8   25    8       4 12    17.24       4  8    16.42
   8   26    8       4 12    17.76       4 14    17.28
   8   27    8       4 12    18.51       4  8    17.70
   8   28    8       4 12    20.60
   8   29    8       4 12    18.75       4  8    17.96
   8   30    8       4 12    19.70
   8   31    8       4 12    20.18       4  8    19.40
   8   32    8       4 12    22.01       4  8    21.75
   9    1    8       9  1     2.31
   9    2    8       9  2     4.55
   9    3    8       9  3     7.01
   9    4    8       9  4     9.85
   9    5    8       5  5     8.18       6  5     8.06
   9    6    8       5  6     9.88       6  6     9.70
   9    7    8       5  7    11.50       6  7    11.23
   9    8    8       9  4    13.89       5  8    13.63       6  8    13.29
   9    9    8       3  9    11.82       5  9    11.24
   9   10    8       3 10    13.37
   9   11    8       3 11    14.41
   9   12    8       4 12    16.19       5 12    16.11       3 12    16.11       9  4    15.97
   9   13    8       3 13    14.12
   9   14    8       3 14    15.39       5  7    14.68
   9   15    8       3 15    16.44
   9   16    8       3 16    17.99       5  8    17.85       6  8    17.34       9  4    17.33
   9   17    8       3 17    14.59       2 17    14.52       3 10    13.87
   9   18    8       3 18    16.16       2 18    15.73
   9   19    8       3 19    16.24       2 19    16.20       9  4    15.43
   9   20    8       3 20    18.96       9  4    18.46       1 20    18.45       2 20    18.05
   9   21    8       5  7    16.47       6  7    15.98
   9   22    8       3 11    16.73       4 11    16.15       5 11    16.07       5  8    16.01       3 15    15.92       9  4    15.90
   9   23    8       5  8    16.74       9  4    16.49       3 15    16.09       4 12    16.08       6  8    15.99       3 12    15.94       3 16    15.92
   9   24    8       4 12    20.76       5  8    20.41       6  8    19.80
   9   25    8       3 15    16.15       3 14    15.99       9  4    15.83       3 16    15.79       5  8    15.78       3 13    15.49       3 20    15.36
   9   26    8       3 16    17.14       3 14    16.80       3 15    16.79       3 20    16.62       9  4    16.56       3 19    16.35
   9   27    8       9  4    17.11       5  8    17.02       3 16    16.96       3 20    16.59       3 15    16.47       4 12    16.34
   9   28    8       9  4    19.93
   9   29    8       5  8    17.39       3 15    16.72       9  4    16.64       3 16    16.63       4 12    16.61
   9   30    8       5  8    18.16       3 15    18.09       3 20    17.80       3 16    17.77       4 12    17.42       9  4    17.30
   9   31    8       5  8    18.67       9  4    17.89       3 16    17.78
   9   32    8       5  8    22.20
  10    1    8      10  1     2.43
  10    2    8      10  2     4.91
  10    3    8      10  3     7.51
  10    4    8      10  4    10.57       5  4    10.19
  10    5    8       5  5     9.24
  10    6    8       5  6    11.20
  10    7    8       5  7    13.04
  10    8    8       5  8    16.00
  10    9    8       5  9    11.76       4  9    11.74
  10   10    8       5 10    13.23       4 10    13.11       2 10    12.68
  10   11    8       5 11    14.39       4 11    14.28
  10   12    8       5 12    17.05      10  4    16.59       4 12    16.51
  10   13    8       5  8    14.43       2 13    14.29       5  7    14.19
  10   14    8       5  7    16.40       2 14    16.04       5  8    15.80
  10   15    8       2 15    16.79       5  8    16.77
  10   16    8       5  8    20.56
  10   17    8       2 17    16.25
  10   18    8       2 18    17.69
  10   19    8       2 19    18.10
  10   20    8       2 20    20.02
  10   21    8       5  8    17.71       5  7    17.66       6  7    17.19
  10   22    8       5  8    18.86
  10   23    8       5  8    19.45
  10   24    8       5  8    22.70       6  8    21.79
  10   25    8       5  8    17.72       5  7    17.02
  10   26    8       5  8    18.72
  10   27    8       5  8    19.10
  10   28    8       5  8    20.70      10  4    20.10
  10   29    8       5  8    19.69
  10   30    8       5  8    20.68
  10   31    8       5  8    21.13
  10   32    8       5  8    24.07       6  8    23.29
  11    1    8      11  1     2.62
  11    2    8      11  2     5.13
  11    3    8      11  3     7.82
  11    4    8      11  4    11.10
  11    5    8       6  5     9.27       7  5     8.85
  11    6    8       6  6    11.18
  11    7    8       6  7    12.92       7  7    12.40
  11    8    8       6  8    15.29      11  4    15.08
  11    9    8       4  9    12.19
  11   10    8       4 10    13.72
  11   11    8       4 11    14.85
  11   12    8       4 12    17.48      11  4    17.18
  11   13    8       3 13    13.90       2 13    13.57      11  4    13.48       6  7    13.41
  11   14    8       6  7    16.16
  11   15    8       3 15    16.11       2 15    15.67       6  8    15.39
  11   16    8       6  8    19.61       7  8    18.71
  11   17    8       2 17    15.33      11  4    15.01       3 17    14.65
  11   18    8       2 18    16.70       3 18    16.10      11  4    15.95
  11   19    8       2 19    17.13      11  4    16.87       3 19    16.33
  11   20    8      11  4    19.54       1 20    19.35       2 20    19.09       3 20    18.66
  11   21    8       6  7    17.70
  11   22    8       6  8    17.68       4 11    17.46      11  4    16.85
  11   23    8       6  8    18.19      11  4    17.71
  11   24    8       6  8    22.13       4 12    21.53       7  8    21.12
  11   25    8      11  4    17.20       6  8    16.85       6  7    16.39
  11   26    8      11  4    17.83       6  8    17.81
  11   27    8      11  4    18.57       6  8    18.36
  11   28    8      11  4    20.82       6  8    19.85
  11   29    8       6  8    18.47      11  4    17.79       7  8    17.75
  11   30    8       6  8    19.80
  11   31    8       6  8    20.08
  11   32    8       6  8    23.64       7  8    22.56
  12    1    8      12  1     2.76
  12    2    8      12  2     5.44
  12    3    8      12  3     8.45
  12    4    8      12  4    11.82
  12    5    8       6  5    10.27
  12    6    8       6  6    12.33       4  6    11.75
  12    7    8       6  7    14.29       4  7    13.63
  12    8    8       6  8    17.19
  12    9    8       4  9    13.95
  12   10    8       4 10    15.85
  12   11    8       4 11    17.17
  12   12    8       4 12    20.95
  12   13    8       6  8    15.71       6  7    15.31       3 13    15.25       2 13    15.19
  12   14    8       6  7    17.50       6  8    16.95       4  7    16.82       2 14    16.76       3 14    16.63
  12   15    8       6  8    18.09       3 15    17.58       2 15    17.48       4  8    17.40
  12   16    8       6  8    22.22
  12   17    8       4 12    17.62       4  9    16.97       2 17    16.83
  12   18    8       4 12    18.65       2 18    18.38       4 10    18.21
  12   19    8       4 12    19.59       4 11    18.83       2 19    18.78
  12   20    8       4 12    21.75       2 20    20.84
  12   21    8       6  8    18.85       6  7    18.80       4 12    18.76       4  8    18.16       4  7    17.99
  12   22    8       4 12    20.18       6  8    19.93       4 11    19.32
  12   23    8       6  8    20.77       4 12    20.62       4  8    19.98
  12   24    8       4 12    25.21       6  8    24.47
  12   25    8       4 12    19.02       6  8    18.88       4  8    18.23       6  7    18.11
  12   26    8       6  8    19.78       4 12    19.75       4 14    18.86       4  8    18.80
  12   27    8       4 12    20.43       6  8    20.43       4  8    19.45
  12   28    8       4 12    22.87       6  8    22.30
  12   29    8       6  8    20.95       4 12    20.83       4  8    19.92
  12   30    8       4 12    21.89       6  8    21.84       4  8    20.80
  12   31    8       4 12    22.37       6  8    22.30       4  8    21.40
  12   32    8       6  8    25.73       4 12    24.69
  13    1    8      13  1     2.85
  13    2    8      13  2     5.72
  13    3    8      13  3     8.65
  13    4    8      13  4    12.18
  13    5    8       7  5     9.73
  13    6    8       7  6    11.65
  13    7    8       7  7    13.54
  13    8    8      13  4    15.80       7  8    15.54       6  8    15.42       5  8    15.26
  13    9    8       4  9    12.67
  13   10    8       4 10    14.38
  13   11    8       4 11    15.59
  13   12    8       4 12    19.18
  13   13    8       3 13    14.35       2 13    14.27      13  4    14.01
  13   14    8       7  7    16.10       5  7    15.81       6  7    15.77       2 14    15.67       3 14    15.66
  13   15    8       3 15    16.54       2 15    16.39      13  4    16.28       7  8    15.84
  13   16    8       6  8    20.13       7  8    19.83       5  8    19.53       4  8    19.33      13  4    19.19
  13   17    8       2 17    16.02      13  4    15.76       4 12    15.52       1 17    15.28
  13   18    8       2 18    17.46      13  4    16.67
  13   19    8       2 19    17.85      13  4    17.56       1 19    17.16       4 12    16.97
  13   20    8       1 20    20.40      13  4    20.02       2 20    19.93       3 20    19.48
  13   21    8       7  7    17.40       6  7    16.99       5  7    16.97       4 12    16.80       7  8    16.79      13  4    16.65       6  8    16.63
  13   22    8       4 12    18.06       4 11    17.99       7  8    17.87       6  8    17.60      13  4    17.56
  13   23    8       4 12    18.42      13  4    18.36       7  8    18.26       6  8    17.97       5  8    17.90       4  8    17.74
  13   24    8       4 12    23.21       6  8    22.34       7  8    22.23
  13   25    8      13  4    17.93       7  8    17.32       4 12    17.11
  13   26    8      13  4    18.35       7  8    18.15       4 12    17.76       4 14    17.47
  13   27    8      13  4    19.11       7  8    18.58       4 12    18.45
  13   28    8      13  4    21.08       7  8    20.59       4 12    20.29
  13   29    8       4 12    18.82       7  8    18.76      13  4    18.15       6  8    18.04       5  8    17.91
  13   30    8       4 12    19.75       7  8    19.71       6  8    19.27      13  4    18.95       5  8    18.80
  13   31    8       4 12    20.10       7  8    20.05       6  8    19.83      13  4    19.57       5  8    19.19
  13   32    8       7  8    23.51       6  8    23.07       5  8    22.76
  14    1    8      14  1     2.88
  14    2    8      14  2     5.83
  14    3    8      14  3     8.69
  14    4    8      14  4    12.34
  14    5    8       7  5    10.22
  14    6    8       7  6    12.38
  14    7    8       7  7    14.40
  14    8    8       7  8    17.49
  14    9    8       4  9    13.20
  14   10    8       4 10    15.01       2 10    14.36
  14   11    8       4 11    16.16       2 11    15.50
  14   12    8       4 12    19.57
  14   13    8       2 13    15.74       7  8    14.98
  14   14    8       2 14    17.42       7  7    16.76       7  8    16.62       5  7    16.59
  14   15    8       2 15    18.07       7  8    17.51       3 15    17.17
  14   16    8       7  8    21.00       5  8    20.81       2 16    20.51       6  8    20.27
  14   17    8       2 17    17.27
  14   18    8       2 18    18.67
  14   19    8       2 19    19.30
  14   20    8       2 20    21.43       1 20    20.56
  14   21    8       7  8    17.99       5  7    17.92       7  7    17.71       6  7    17.62       5  8    17.36       4 12    17.21
  14   22    8       7  8    19.02       4 12    18.30
  14   23    8       7  8    19.82       5  8    19.19       4 12    18.96
  14   24    8       4 12    23.45       5  8    23.11       7  8    22.85       6  8    22.59
  14   25    8       7  8    18.25       4 12    17.69      14  4    17.66       2 15    17.64       2 14    17.54       5  8    17.48       7  7    17.37
  14   26    8       7  8    19.18       2 14    18.64      14  4    18.53       2 16    18.48       2 15    18.35
  14   27    8       7  8    19.83      14  4    19.07
  14   28    8       7  8    21.39      14  4    21.24       2 16    20.94       5  8    20.56       4 12    20.45
  14   29    8       7  8    19.49       5  8    19.29       4 12    19.06       6  8    18.88       2 15    18.57
  14   30    8       7  8    20.54       5  8    20.36       4 12    20.00       2 15    19.71       6  8    19.68       2 16    19.57
  14   31    8       7  8    20.82       5  8    20.67       4 12    20.40       6  8    19.96
  14   32    8       5  8    24.40       7  8    23.87       6  8    23.80
  15    1    8      15  1     2.96
  15    2    8      15  2     5.98
  15    3    8      15  3     8.90
  15    4    8      15  4    12.60       5  4    12.57
  15    5    8       5  5    10.77
  15    6    8       5  6    13.19
  15    7    8       5  7    15.20
  15    8    8       5  8    18.84
  15    9    8       3  9    13.62       4  9    13.52       5  9    13.04
  15   10    8       3 10    15.39       4 10    15.36       5 10    14.77
  15   11    8       3 11    16.62       4 11    16.46       5 11    16.02
  15   12    8       4 12    19.86       5 12    19.03
  15   13    8       5  8    16.43       3 13    15.89       5  7    15.74
  15   14    8       5  8    18.16       5  7    17.99       3 14    17.54
  15   15    8       5  8    19.12       3 15    18.42
  15   16    8       5  8    23.29
  15   17    8       5  8    17.09       5  9    16.57       2 17    16.48
  15   18    8       5  8    18.43       5 10    18.06       2 18    17.82
  15   19    8       5  8    19.02       5 11    18.43
  15   20    8       5  8    21.19       5 12    21.08       3 20    21.04       2 20    20.53       1 20    20.18
  15   21    8       5  8    19.77       5  7    19.10
  15   22    8       5  8    20.97
  15   23    8       5  8    21.53
  15   24    8       5  8    25.18
  15   25    8       5  8    19.60
  15   26    8       5  8    20.88
  15   27    8       5  8    21.11
  15   28    8       5  8    23.13
  15   29    8       5  8    21.52
  15   30    8       5  8    22.63
  15   31    8       5  8    22.91
  15   32    8       5  8    26.09
  16    1    8      16  1     2.87       8  1     2.86
  16    2    8       8  2     5.91      16  2     5.86
  16    3    8       8  3     8.84      16  3     8.71
  16    4    8      16  4    12.50       8  4    12.47       4  4    12.40
  16    5    8       4  5    10.66       6  5    10.29
  16    6    8       4  6    12.83       6  6    12.31
  16    7    8       4  7    14.67       6  7    14.37
  16    8    8       4  8    19.19
  16    9    8       4  9    15.12
  16   10    8       4 10    17.15
  16   11    8       4 11    18.34
  16   12    8       4 12    23.23
  16   13    8       4  8    16.50       2 13    16.22       4  7    15.72
  16   14    8       4  7    17.99       2 14    17.90       4  8    17.81       6  7    17.47
  16   15    8       4  8    19.19       2 15    18.50
  16   16    8       4  8    23.08       6  8    22.14
  16   17    8       4 12    19.08       4  9    18.30
  16   18    8       4 12    20.28       4 10    19.71       2 18    19.43
  16   19    8       4 12    21.14       4 11    20.21
  16   20    8       4 12    23.71
  16   21    8       4 12    19.95       4  8    19.72       4  7    19.22
  16   22    8       4 12    21.42       4  8    20.83       4 11    20.41
  16   23    8       4 12    22.02       4  8    21.73
  16   24    8       4 12    26.64
  16   25    8       4 12    20.16       4  8    19.72
  16   26    8       4 12    21.03       4  8    20.45       4 14    20.06
  16   27    8       4 12    21.65       4  8    21.10
  16   28    8       4 12    24.18
  16   29    8       4 12    22.25       4  8    21.65
  16   30    8       4 12    23.33       4  8    22.53
  16   31    8       4 12    23.09       4  8    22.36
  16   32    8       4 12    26.09       4  8    25.84       6  8    25.37
  17    1    8      12  1     2.74      13  1     2.73      11  1     2.72       9  1     2.71      10  1     2.66      15  1     2.63
  17    2    8      10  2     5.40      11  2     5.38       9  2     5.38      13  2     5.32      15  2     5.32      14  2     5.32      12  2     5.30      16  2     5.15       8  2     5.14
  17    3    8      10  3     8.29       9  3     8.28      13  3     8.24      11  3     8.09      14  3     8.07      12  3     8.06      15  3     7.92
  17    4    8      12  4    11.98       9  4    11.95      13  4    11.80      11  4    11.79      10  4    11.71      15  4    11.47      14  4    11.46
  17    5    8       6  5    10.59
  17    6    8       6  6    12.77
  17    7    8       6  7    14.89
  17    8    8       6  8    18.05
  17    9    8       4  9    14.05
  17   10    8       4 10    15.77
  17   11    8       4 11    16.95
  17   12    8       4 12    21.39
  17   13    8       3 13    15.52       2 13    15.33       6  7    15.21       6  8    15.01
  17   14    8       6  7    17.68       3 14    17.05       2 14    16.89
  17   15    8       3 15    17.87       6  8    17.75       2 15    17.54       5  8    17.07
  17   16    8       6  8    22.50       5  8    21.57       4  8    21.40
  17   17    8       4 12    17.15       2 17    16.90
  17   18    8       2 18    18.51       4 12    18.18       4 10    17.77
  17   19    8       4 12    18.63       2 19    18.40       4 11    18.11       6  8    17.80
  17   20    8       4 12    21.13       2 20    21.11       1 20    20.89       3 20    20.50
  17   21    8       6  7    19.10       6  8    18.47       4 12    18.24
  17   22    8       6  8    19.71       4 12    19.53       4 11    19.19       5  8    19.03
  17   23    8       6  8    20.47       4 12    19.99       4  8    19.54
  17   24    8       4 12    24.99       6  8    24.54
  17   25    8       6  8    18.50       4 12    18.42       6  7    17.98       5  8    17.77       4  8    17.66
  17   26    8       6  8    19.46       4 12    19.19       5  8    18.86       4 14    18.58
  17   27    8       6  8    20.08       4 12    19.88       5  8    19.23
  17   28    8       4 12    22.05       6  8    21.96       5  8    21.20       9  4    21.04      12  4    21.01       4 16    20.96
  17   29    8       4 12    20.20       5  8    19.54       6  8    19.31
  17   30    8       6  8    21.45       4 12    21.16       5  8    20.45
  17   31    8       6  8    21.66       4 12    21.31
  17   32    8       6  8    25.50
  18    1    8       9  1     3.09
  18    2    8       9  2     6.32
  18    3    8       9  3     9.57
  18    4    8       9  4    13.65       6  4    13.18
  18    5    8       6  5    11.64
  18    6    8       6  6    14.16
  18    7    8       6  7    16.34
  18    8    8       6  8    20.57
  18    9    8       4  9    14.47       3  9    14.03       6  5    13.86       6  8    13.79
  18   10    8       4 10    16.26       3 10    16.10       6  6    15.53
  18   11    8       4 11    17.40       3 11    17.19       6  7    16.99       6  8    16.75
  18   12    8       4 12    21.46
  18   13    8       6  8    17.69       6  7    17.13
  18   14    8       6  8    19.15       2 14    18.33
  18   15    8       6  8    20.44
  18   16    8       6  8    24.87
  18   17    8       6  8    18.42       2 17    17.94
  18   18    8       2 18    19.71       6  8    19.52       6  7    18.75
  18   19    8       6  8    20.32       2 19    20.05
  18   20    8       6  8    22.95       2 20    22.25
  18   21    8       6  8    20.79       6  7    20.18
  18   22    8       6  8    22.08
  18   23    8       6  8    22.85
  18   24    8       6  8    26.56
  18   25    8       6  8    20.85       6  7    19.81
  18   26    8       6  8    21.78
  18   27    8       6  8    21.92
  18   28    8       6  8    24.76
  18   29    8       6  8    21.99
  18   30    8       6  8    22.75
  18   31    8       6  8    23.39
  18   32    8       6  8    27.00
  19    1    8      11  1     2.91      13  1     2.91      10  1     2.88      15  1     2.86      12  1     2.83      14  1     2.78
  19    2    8      10  2     5.80      11  2     5.80      13  2     5.75      14  2     5.68      12  2     5.57       9  2     5.54
  19    3    8      12  3     8.81      11  3     8.77      10  3     8.70      13  3     8.57      14  3     8.49      15  3     8.40       9  3     8.39
  19    4    8      10  4    12.71      11  4    12.65      12  4    12.61      13  4    12.51      14  4    12.34      15  4    12.27
  19    5    8       5  5    10.75       6  5    10.57       7  5    10.55       4  5    10.30
  19    6    8       5  6    12.95       6  6    12.80       7  6    12.78
  19    7    8       5  7    15.21       6  7    14.85       7  7    14.78
  19    8    8       5  8    18.52       6  8    18.48       7  8    18.02       4  8    17.80
  19    9    8       4  9    14.56
  19   10    8       4 10    16.66
  19   11    8       4 11    17.58
  19   12    8       4 12    21.67
  19   13    8       2 13    15.70       3 13    15.63       5  8    15.37       6  8    15.24       4  8    15.10       6  7    15.06       5  7    14.99       7  8    14.97
  19   14    8       5  7    17.83       6  7    17.81       2 14    17.32       3 14    17.17       4  7    17.10       7  7    17.06       5  8    16.98
  19   15    8       5  8    18.05       3 15    17.98       2 15    17.95       6  8    17.70       4  8    17.46       7  8    17.38
  19   16    8       5  8    22.91       6  8    22.64
  19   17    8       4 12    17.31       2 17    17.20       4  9    16.97       4 11    16.77       4 10    16.58
  19   18    8       2 18    18.93       4 12    18.56       4 10    18.14
  19   19    8       4 12    19.27       2 19    18.73       4 11    18.69       5  8    18.33
  19   20    8       2 20    21.50       4 12    21.42       3 20    20.92      11  4    20.49       5 12    20.48
  19   21    8       5  7    19.02       6  7    18.89       6  8    18.83       5  8    18.78       4 12    18.38       4  7    18.31       7  7    18.09
  19   22    8       5  8    20.11       6  8    19.96       4 12    19.92       4 11    19.77       4  8    19.17
  19   23    8       5  8    20.76       6  8    20.47       4 12    20.30       4  8    19.84
  19   24    8       4 12    25.07       5  8    24.79       6  8    24.75
  19   25    8       5  8    18.95       6  8    18.67       4 12    18.32       7  8    18.07
  19   26    8       5  8    19.61       6  8    19.44       4 12    19.20       4 14    18.85       4  8    18.75       7  8    18.74
  19   27    8       5  8    19.82       6  8    19.02       4 12    19.00
  19   28    8       6  8    22.25       5  8    22.21       4 12    22.07      12  4    21.26      11  4    21.26       7  8    21.20
  19   29    8       5  8    19.89       4 12    19.53       6  8    19.40       4  8    19.07
  19   30    8       5  8    21.48       4 12    20.97       6  8    20.82       4  8    20.46
  19   31    8       5  8    21.20       6  8    21.07       4 12    20.98       4  8    20.37       7  8    20.29
  19   32    8       5  8    25.40       6  8    24.70
  20    1    8      10  1     3.33
  20    2    8      10  2     6.52
  20    3    8      10  3    10.03
  20    4    8      10  4    14.46       5  4    14.36
  20    5    8       5  5    11.86       4  5    11.61
  20    6    8       5  6    14.40       4  6    13.90
  20    7    8       5  7    16.58       4  7    16.33
  20    8    8       5  8    21.12       4  8    20.63
  20    9    8       4  9    16.02
  20   10    8       4 10    18.19
  20   11    8       4 11    19.44
  20   12    8       4 12    24.64
  20   13    8       4  8    17.79       5  8    17.68
  20   14    8       5  8    19.71       4  8    19.24       5  7    19.01       4  7    18.82
  20   15    8       5  8    20.60       4  8    20.35
  20   16    8       5  8    24.89       4  8    24.61
  20   17    8       4 12    20.08       4  9    19.23
  20   18    8       4 12    21.34       4 10    20.72
  20   19    8       4 12    22.31       4 11    21.28
  20   20    8       4 12    25.05
  20   21    8       4 12    20.66       4  8    20.32
  20   22    8       4 12    22.43       5  8    22.21       4  8    21.84
  20   23    8       4 12    22.96       5  8    22.80       4  8    22.78
  20   24    8       4 12    27.64       5  8    26.40
  20   25    8       4 12    20.53       5  8    20.48       4  8    20.21
  20   26    8       4 12    21.47       5  8    21.32       4  8    20.89
  20   27    8       4 12    20.59       4  8    20.57
  20   28    8       4 12    24.79       5  8    24.41       4  8    23.60
  20   29    8       4 12    22.20       5  8    21.76       4  8    21.47
  20   30    8       4  8    22.93       5  8    22.75       4 12    22.18
  20   31    8       4 12    24.01       4  8    23.55       5  8    23.38
  20   32    8       4 12    26.99       5  8    26.70
  21    1    8       7  1     3.26
  21    2    8       7  2     6.32      11  2     6.07      13  2     6.07
  21    3    8       7  3     9.76
  21    4    8       7  4    14.11
  21    5    8       7  5    11.54       6  5    11.03
  21    6    8       7  6    13.99       6  6    13.38
  21    7    8       7  7    16.18       6  7    15.46
  21    8    8       7  8    20.16       5  8    19.27
  21    9    8       4  9    14.83       3  9    14.52
  21   10    8       4 10    16.62       3 10    16.40
  21   11    8       4 11    18.05       3 11    17.63
  21   12    8       4 12    23.04
  21   13    8       7  8    16.85       3 13    16.78       7  7    16.31
  21   14    8       3 14    18.54       7  8    18.34       6  7    18.18       7  7    18.04
  21   15    8       3 15    19.41       7  8    19.31       6  8    18.52
  21   16    8       7  8    23.56       6  8    23.30       5  8    23.22       4  8    22.81
  21   17    8       4 12    18.25       7  8    17.70
  21   18    8       4 12    19.48       7  8    18.92       4 10    18.87       2 18    18.81
  21   19    8       4 12    20.03       7  8    19.92       4 11    19.34       2 19    19.11
  21   20    8       4 12    22.47       7  8    22.21       3 20    22.06       1 20    21.63       2 20    21.36
  21   21    8       7  8    19.69       4 12    19.36       7  7    19.02       6  8    19.01       5  8    18.99       6  7    18.99       4  8    18.83
  21   22    8       7  8    20.73       4 12    20.48       6  8    20.00       4 11    19.98
  21   23    8       4 12    21.11       7  8    20.98       6  8    20.84       5  8    20.80       4  8    20.62
  21   24    8       4 12    25.97       6  8    24.84       7  8    24.70
  21   25    8       7  8    19.27       4 12    19.03       5  8    18.74       6  8    18.65       4  8    18.54
  21   26    8       7  8    20.16       4 12    19.92       6  8    19.70       5  8    19.39       4 14    19.19
  21   27    8       4 12    20.58       7  8    19.99       6  8    19.57
  21   28    8       7  8    23.39       4 12    22.93       6  8    22.76       5  8    22.39
  21   29    8       4 12    20.60       7  8    20.12       6  8    19.81       4  8    19.71
  21   30    8       4 12    21.89       7  8    21.35       5  8    21.27       4  8    21.03       6  8    20.92
  21   31    8       4 12    22.26       7  8    21.69       4  8    21.66       5  8    21.56       6  8    21.40
  21   32    8       6  8    25.70       4 12    25.10       7  8    25.05       5  8    24.99
  22    1    8      11  1     3.52
  22    2    8      11  2     6.88
  22    3    8      11  3    10.46
  22    4    8      11  4    14.88
  22    5    8       6  5    11.32       5  5    11.03
  22    6    8       6  6    13.78
  22    7    8       6  7    15.97       5  7    15.46
  22    8    8       6  8    19.75       5  8    19.14
  22    9    8       4  9    15.13
  22   10    8       4 10    17.27
  22   11    8       4 11    18.39
  22   12    8       4 12    23.11
  22   13    8       6  8    16.63       2 13    16.60       6  7    16.17       3 13    16.04       5  8    16.00
  22   14    8       6  7    18.94       2 14    18.50       6  8    18.24
  22   15    8       2 15    19.06       6  8    18.74       4  8    18.51       5  8    18.51       3 15    18.48      11  4    18.17
  22   16    8       6  8    24.18       5  8    23.15
  22   17    8       4 12    18.26       2 17    18.15       4  9    17.65
  22   18    8       2 18    19.93       4 12    19.64       4 10    18.98
  22   19    8       4 12    20.48       2 19    19.90       4 11    19.64
  22   20    8       4 12    22.58       2 20    22.45       1 20    22.04      11  4    22.03       6  8    21.77
  22   21    8       6  8    19.96       6  7    19.80       4 12    19.45
  22   22    8       6  8    20.89       4 12    20.76       5  8    20.33       4 11    20.32       4  8    20.12
  22   23    8       6  8    21.37       4 12    21.24       5  8    20.84       4  8    20.74
  22   24    8       6  8    25.75       4 12    25.47
  22   25    8       6  8    19.65       4 12    19.01      11  4    18.69       2 15    18.68
  22   26    8       6  8    20.27       4 12    20.01       2 14    20.01       2 15    19.66       4 14    19.48
  22   27    8       6  8    20.82       4 12    20.50
  22   28    8       6  8    23.59       4 12    22.96       5  8    22.61      11  4    22.59
  22   29    8       4 12    20.69       6  8    20.68       5  8    19.94       4  8    19.66
  22   30    8       4 12    21.99       6  8    21.96       4  8    21.30       5  8    21.27
  22   31    8       4 12    22.35       6  8    22.18       5  8    21.70       4  8    21.66
  22   32    8       6  8    26.78
  23    1    8      12  1     3.20      13  1     3.16      11  1     3.13      14  1     3.10      15  1     3.10       9  1     3.04
  23    2    8      13  2     6.39      12  2     6.29      15  2     6.24      14  2     6.17       9  2     6.14      10  2     6.10       8  2     6.10
  23    3    8      13  3     9.64      14  3     9.51      12  3     9.42      15  3     9.29       9  3     9.21      11  3     9.19      10  3     9.17
  23    4    8      14  4    13.82      12  4    13.80      13  4    13.73      15  4    13.58       6  4    13.21      11  4    13.20
  23    5    8       6  5    11.62       5  5    11.36       4  5    11.04
  23    6    8       6  6    13.95       5  6    13.42
  23    7    8       6  7    16.40       5  7    15.92
  23    8    8       6  8    20.23       5  8    19.55
  23    9    8       4  9    15.32
  23   10    8       4 10    17.50
  23   11    8       4 11    18.58
  23   12    8       4 12    23.30
  23   13    8       6  8    16.60       6  7    16.53       3 13    16.40       2 13    16.22       5  8    16.10       4  8    15.91
  23   14    8       6  7    19.19       6  8    18.41
  23   15    8       6  8    19.59       3 15    18.87       4  8    18.73
  23   16    8       6  8    24.42       5  8    23.41
  23   17    8       4 12    18.35       2 17    17.76       4  9    17.65       6  8    17.47       4 10    17.44
  23   18    8       4 12    19.62       2 18    19.49       4 10    19.32       6  8    18.81
  23   19    8       4 12    20.48       2 19    19.81       4 11    19.74       6  8    19.55
  23   20    8       4 12    22.95       2 20    22.10       6  8    21.96       1 20    21.90
  23   21    8       6  8    19.99       6  7    19.90       4 12    19.26       5  7    19.21       4  8    19.09       5  8    19.06       4  7    19.02
  23   22    8       6  8    21.22       4 12    20.50       4 11    20.29
  23   23    8       6  8    21.86       4 12    21.10       5  8    20.83
  23   24    8       4 12    25.92       6  8    25.64
  23   25    8       6  8    19.76
  23   26    8       6  8    20.65       4 12    20.03
  23   27    8       6  8    20.87       4 12    20.47
  23   28    8       6  8    23.71       4 12    23.16       5  8    22.64
  23   29    8       6  8    20.86       4 12    20.70       4  8    19.90
  23   30    8       6  8    22.23       4 12    21.95       5  8    21.26       4  8    21.17
  23   31    8       6  8    22.81       4 12    22.41       4  8    21.89       5  8    21.78
  23   32    8       6  8    26.68
  24    1    8      12  1     3.68
  24    2    8      12  2     7.18       8  2     6.95
  24    3    8      12  3    10.88       8  3    10.48
  24    4    8      12  4    15.66       8  4    15.10       6  4    14.99
  24    5    8       4  5    11.82       5  5    11.61
  24    6    8       6  6    15.38       4  6    15.00
  24    7    8       6  7    17.80       4  7    17.46
  24    8    8       6  8    22.58
  24    9    8       4  9    16.60
  24   10    8       4 10    18.85
  24   11    8       4 11    20.12
  24   12    8       4 12    25.86
  24   13    8       6  8    18.97       4  8    18.37       6  7    18.10
  24   14    8       6  8    20.57       6  7    20.24       4  8    19.72
  24   15    8       6  8    21.90       4  8    21.43
  24   16    8       6  8    26.17       4  8    25.64
  24   17    8       4 12    20.79       4  9    19.99
  24   18    8       4 12    22.15       4 10    21.56
  24   19    8       4 12    23.18       4 11    22.12
  24   20    8       4 12    26.09
  24   21    8       4  8    21.27       4 12    20.73       6  8    20.67       6  7    20.34
  24   22    8       4 12    22.22       4  8    21.96
  24   23    8       4 12    23.28       6  8    23.28       4  8    23.16
  24   24    8       4 12    28.31       6  8    27.36
  24   25    8       6  8    21.51       4 12    21.44
  24   26    8       6  8    22.24       4 12    22.21
  24   27    8       6  8    22.89       4 12    22.40
  24   28    8       6  8    25.86       4 12    25.62
  24   29    8       4 12    23.40       6  8    23.16
  24   30    8       4 12    23.83       6  8    23.73
  24   31    8       4 12    24.81       6  8    24.68       4  8    23.96
  24   32    8       6  8    28.09       4 12    27.37
  25    1    8      13  1     3.32      12  1     3.25      15  1     3.21      14  1     3.18       9  1     3.17
  25    2    8      13  2     6.53      14  2     6.47      10  2     6.44       9  2     6.36      15  2     6.35      12  2     6.35      11  2     6.30       5  2     6.26
  25    3    8      13  3     9.93      14  3     9.74      15  3     9.70      12  3     9.66       9  3     9.64      10  3     9.53      16  3     9.52      11  3     9.50
  25    4    8       5  4    14.98      13  4    14.34
  25    5    8       5  5    12.70
  25    6    8       5  6    15.38
  25    7    8       5  7    17.55
  25    8    8       5  8    22.71
  25    9    8       4  9    15.61
  25   10    8       4 10    17.51
  25   11    8       4 11    18.80
  25   12    8       4 12    24.31
  25   13    8       5  8    18.50       5  7    17.66
  25   14    8       5  8    20.29       5  7    19.83
  25   15    8       5  8    21.64
  25   16    8       5  8    26.00
  25   17    8       4 12    19.06       5  8    18.78
  25   18    8       5  8    20.48       4 12    20.30       5 10    19.74       2 18    19.73       4 10    19.67
  25   19    8       5  8    21.04       4 12    21.00       4 11    20.37       5 11    20.18       2 19    20.08
  25   20    8       5  8    24.08       4 12    23.76
  25   21    8       5  8    20.81
  25   22    8       5  8    22.17       4 12    21.06
  25   23    8       5  8    22.95
  25   24    8       5  8    26.63       4 12    26.56       6  8    25.87
  25   25    8       5  8    20.86       5  7    19.95
  25   26    8       5  8    22.18
  25   27    8       5  8    21.90       6  8    21.16       4 12    20.87
  25   28    8       5  8    25.43
  25   29    8       5  8    22.75       4 12    21.89
  25   30    8       5  8    23.49       4 12    22.37
  25   31    8       5  8    24.36       4 12    23.21
  25   32    8       5  8    26.86       6  8    26.67       4 12    25.58
  26    1    8      13  1     3.68
  26    2    8      13  2     7.33
  26    3    8      13  3    11.05
  26    4    8      13  4    15.63
  26    5    8       6  5    11.86       5  5    11.64       7  5    11.53       4  5    11.42
  26    6    8       5  6    14.28       6  6    14.23       7  6    13.92       4  6    13.74
  26    7    8       6  7    16.48       4  7    16.28       5  7    16.23       7  7    16.12
  26    8    8       5  8    20.95       6  8    20.77       7  8    19.93
  26    9    8       4  9    15.87
  26   10    8       4 10    17.91
  26   11    8       4 11    19.19
  26   12    8       4 12    24.12
  26   13    8       2 13    17.50       6  8    17.29       3 13    16.65       4  8    16.64
  26   14    8       2 14    19.39       6  7    19.11       6  8    18.78       5  7    18.61       4  7    18.56       5  8    18.54       3 14    18.45
  26   15    8       2 15    19.76       6  8    19.41       5  8    19.41       3 15    19.23       4  8    19.08       7  8    18.80
  26   16    8       6  8    24.56       5  8    24.41       4  8    24.05
  26   17    8       4 12    19.14       2 17    18.73       4  9    18.51
  26   18    8       2 18    20.63       4 12    20.37       4 10    19.79
  26   19    8       4 12    21.21       2 19    20.61       4 11    20.32
  26   20    8       4 12    23.74       2 20    23.06       1 20    22.64
  26   21    8       6  8    19.82       5  8    19.72       4 12    19.53       6  7    19.49       4  8    19.48       7  8    19.04       4  7    18.97
  26   22    8       4 12    21.16       6  8    20.60       5  8    20.53       4  8    20.45       4 11    20.10
  26   23    8       4 12    21.71       4  8    21.33       6  8    21.23       5  8    21.14
  26   24    8       4 12    26.98       6  8    25.93
  26   25    8       6  8    20.06       4 12    19.97       5  8    19.46
  26   26    8       4 12    20.98       6  8    20.73       5  8    20.50       4 14    20.05       2 16    20.01
  26   27    8       6  8    21.25       4 12    20.97       5  8    20.38
  26   28    8       4 12    24.08       6  8    23.85       5  8    23.57       7  8    22.92
  26   29    8       6  8    21.50       4 12    21.37       5  8    20.96       4  8    20.62
  26   30    8       4 12    22.39       6  8    22.18       5  8    21.95
  26   31    8       4 12    23.22       6  8    22.97       5  8    22.75       4  8    22.27
  26   32    8       6  8    26.68       4 12    25.53
  27    1    8       9  1     3.68
  27    2    8       9  2     7.29
  27    3    8       9  3    10.96
  27    4    8       9  4    16.15
  27    5    8       6  5    12.03       5  5    11.78       7  5    11.67       4  5    11.45
  27    6    8       6  6    14.42       5  6    14.38       7  6    14.17       4  6    13.93
  27    7    8       6  7    16.80       4  7    16.46       7  7    16.34       5  7    16.26
  27    8    8       6  8    21.00       5  8    20.65       7  8    20.03
  27    9    8       4  9    15.94
  27   10    8       4 10    18.02       3 10    17.21
  27   11    8       4 11    19.22       3 11    18.33
  27   12    8       4 12    24.21
  27   13    8       3 13    17.31       6  8    17.28       5  8    16.95       4  8    16.90       2 13    16.78       7  8    16.47
  27   14    8       6  7    19.37       3 14    19.20       5  7    18.87       4  7    18.72       6  8    18.72       5  8    18.63       2 14    18.56
  27   15    8       6  8    19.95       3 15    19.94       5  8    19.64       4  8    19.38       2 15    19.03
  27   16    8       6  8    24.57       5  8    24.35       4  8    23.99
  27   17    8       4 12    18.99       4  9    18.57       2 17    18.06
  27   18    8       4 12    20.49       4 10    19.97       2 18    19.94
  27   19    8       4 12    20.68       4 11    19.65
  27   20    8       4 12    23.82       1 20    22.65
  27   21    8       6  8    19.82       4  8    19.77       6  7    19.71       5  8    19.66       4 12    19.48       4  7    19.23       7  8    19.22       7  7    19.04       4 11    18.85
  27   22    8       4 12    21.11       5  8    20.60       6  8    20.59       4  8    20.43       4 11    20.32       7  8    20.10
  27   23    8       4 12    21.65       4  8    21.47       6  8    21.38       5  8    21.18
  27   24    8       4 12    26.85       6  8    25.86
  27   25    8       6  8    19.76       4 12    19.60       5  8    19.43       7  8    19.06       9  4    18.84       4  8    18.83
  27   26    8       6  8    20.85       4 12    20.77       5  8    20.60       4 14    20.18       7  8    20.16
  27   27    8       6  8    21.28       4 12    20.73       5  8    20.30
  27   28    8       4 12    24.05       6  8    24.01       5  8    23.61       7  8    23.10
  27   29    8       4 12    21.70       6  8    21.56       5  8    21.30       4  8    20.75
  27   30    8       4 12    22.39       6  8    22.17       5  8    21.99       7  8    21.44       4  8    21.30
  27   31    8       4 12    23.14       6  8    23.10       5  8    22.72       4  8    22.36
  27   32    8       6  8    26.72       5  8    25.75       4 12    25.49       7  8    25.46
  28    1    8      14  1     3.70       7  1     3.57
  28    2    8      14  2     7.20       7  2     7.11
  28    3    8      14  3    11.11       7  3    10.89
  28    4    8      14  4    16.11       7  4    15.83
  28    5    8       4  5    12.55       7  5    12.37       6  5    12.34       5  5    12.03
  28    6    8       4  6    15.27       7  6    15.04       6  6    14.77       5  6    14.58
  28    7    8       4  7    18.29
  28    8    8       4  8    23.05
  28    9    8       4  9    16.77
  28   10    8       4 10    19.40
  28   11    8       4 11    20.60
  28   12    8       4 12    26.70
  28   13    8       4  8    19.05
  28   14    8       4  8    20.52       4  7    19.98       2 14    19.55       6  7    19.52
  28   15    8       4  8    22.01
  28   16    8       4  8    25.96       6  8    25.39       7  8    24.68
  28   17    8       4 12    21.35       4  9    20.40
  28   18    8       4 12    22.52       4 10    22.01
  28   19    8       4 12    22.61       4 11    21.55
  28   20    8       4 12    26.25
  28   21    8       4  8    21.81       4 12    21.62
  28   22    8       4 12    22.96       4  8    22.57
  28   23    8       4 12    22.88       4  8    22.74       6  8    21.94
  28   24    8       4 12    28.80
  28   25    8       4 12    21.75       4  8    20.81
  28   26    8       4 12    22.24       4  8    21.48       6  8    21.17
  28   27    8       4 12    22.28       6  8    22.08
  28   28    8       4 12    26.21
  28   29    8       4 12    23.67       4  8    22.59
  28   30    8       4 12    24.28
  28   31    8       4 12    25.27       4  8    24.48
  28   32    8       4 12    27.98       6  8    27.54
  29    1    8      12  1     3.46      11  1     3.44      10  1     3.42       9  1     3.37      15  1     3.36      13  1     3.32      14  1     3.30      16  1     3.30       8  1     3.29
  29    2    8      10  2     6.85      11  2     6.83      12  2     6.81      15  2     6.72      13  2     6.72       9  2     6.65      16  2     6.60       8  2     6.58
  29    3    8      11  3    10.30      10  3    10.30      12  3    10.19      13  3    10.19      16  3    10.12      15  3    10.08       8  3     9.96       9  3     9.91
  29    4    8      10  4    14.91      12  4    14.84      11  4    14.83      15  4    14.80       9  4    14.68       5  4    14.64      14  4    14.48       6  4    14.39      16  4    14.39      13  4    14.37       7  4    14.31       8  4    14.30
  29    5    8       5  5    11.59       6  5    11.06       4  5    11.05
  29    6    8       6  6    14.89       5  6    14.66
  29    7    8       6  7    17.48       5  7    16.96       4  7    16.82
  29    8    8       6  8    21.96       5  8    21.40       4  8    21.34
  29    9    8       4  9    16.05
  29   10    8       4 10    18.31
  29   11    8       4 11    19.44
  29   12    8       4 12    25.13
  29   13    8       6  8    17.66       6  7    17.40       4  8    17.40       5  8    17.39       2 13    16.98       3 13    16.89
  29   14    8       6  7    19.90       6  8    19.72       5  7    19.35       5  8    19.19       4  8    19.00
  29   15    8       6  8    20.85       5  8    20.42       4  8    20.03
  29   16    8       6  8    25.52       5  8    25.19       4  8    24.57
  29   17    8       4 12    19.74
  29   18    8       4 12    20.58       4 10    20.03       2 18    19.88       6  8    19.59
  29   19    8       4 12    21.54       4 11    20.72
  29   20    8       4 12    24.47
  29   21    8       6  8    20.69       5  8    20.40       6  7    20.29       4 12    20.28       4  8    20.28
  29   22    8       6  8    21.55       4 12    21.52       5  8    21.32       4  8    20.94
  29   23    8       6  8    22.38       5  8    22.04       4 12    21.97       4  8    21.51
  29   24    8       6  8    26.65       5  8    26.27       4 12    25.41
  29   25    8       6  8    20.71       4 12    20.47       5  8    20.19
  29   26    8       6  8    21.50       4 12    21.10       5  8    21.04
  29   27    8       6  8    22.16       5  8    21.25       4 12    21.17
  29   28    8       6  8    25.00       4 12    24.47       5  8    24.37
  29   29    8       6  8    22.54       4 12    22.40       5  8    22.08
  29   30    8       6  8    23.12       4 12    22.92       5  8    22.73
  29   31    8       6  8    24.16       4 12    23.98       5  8    23.52
  29   32    8       6  8    27.60       5  8    26.67       4 12    26.41
  30    1    8      10  1     3.89      15  1     3.74
  30    2    8      10  2     7.32      15  2     7.18
  30    3    8      10  3    11.46      15  3    11.05
  30    4    8      10  4    16.94       5  4    16.68      15  4    16.10
  30    5    8       6  5    13.40       5  5    13.20
  30    6    8       6  6    16.17       5  6    16.12
  30    7    8       6  7    18.72       5  7    18.44
  30    8    8       6  8    24.13       5  8    23.52
  30    9    8       4  9    16.19       6  5    15.82       6  8    15.59
  30   10    8       4 10    18.45       6  6    17.97
  30   11    8       4 11    19.78       6  7    19.16       6  8    18.98
  30   12    8       4 12    25.23
  30   13    8       6  8    19.70       5  8    19.17
  30   14    8       6  8    21.48       5  8    21.17       6  7    20.82
  30   15    8       6  8    22.80       5  8    22.25
  30   16    8       6  8    27.11       5  8    26.57
  30   17    8       6  8    18.93       4 12    18.92       4  9    18.76       5  8    18.46       6  7    18.15       4 10    18.13       2 17    18.11       5  9    18.11
  30   18    8       6  8    21.27       4 12    20.68       2 18    20.49       5  8    20.36       4 10    20.23
  30   19    8       6  8    21.61       4 12    21.40       5  8    20.92       4 11    20.80
  30   20    8       6  8    24.93       4 12    24.65       5  8    24.64
  30   21    8       6  8    22.28       5  8    22.00
  30   22    8       6  8    23.15       5  8    22.83
  30   23    8       6  8    23.53       5  8    23.38
  30   24    8       4 12    27.90       6  8    27.44       5  8    26.62
  30   25    8       6  8    22.15       5  8    21.41
  30   26    8       6  8    23.33       5  8    22.28
  30   27    8       6  8    23.43
  30   28    8       6  8    26.62       5  8    26.05
  30   29    8       6  8    23.86       5  8    23.28
  30   30    8       6  8    24.08       5  8    23.96       4 12    22.91
  30   31    8       6  8    25.48       5  8    24.92
  30   32    8       6  8    27.76       5  8    27.66
  31    1    8      11  1     3.57      12  1     3.56      13  1     3.55       9  1     3.47       8  1     3.44      10  1     3.44
  31    2    8      12  2     6.97      11  2     6.91      13  2     6.90       8  2     6.81      10  2     6.77      16  2     6.73       9  2     6.71
  31    3    8      11  3    10.52      13  3    10.48      12  3    10.43      16  3    10.13       9  3    10.06       8  3    10.02      14  3    10.02      10  3    10.01
  31    4    8      11  4    15.45      12  4    15.41      10  4    15.24       9  4    15.04      13  4    15.01       5  4    14.98       8  4    14.91      14  4    14.74
  31    5    8       5  5    12.37       6  5    12.37       4  5    12.01       7  5    11.90
  31    6    8       6  6    15.07       5  6    14.95       4  6    14.76
  31    7    8       6  7    17.34       5  7    17.11       4  7    17.03
  31    8    8       6  8    22.25       5  8    21.78       4  8    21.39
  31    9    8       4  9    16.31
  31   10    8       4 10    18.62
  31   11    8       4 11    19.90
  31   12    8       4 12    25.15
  31   13    8       4  8    17.60       6  8    17.54       5  8    17.42       6  7    17.11       2 13    17.03       4  7    16.76
  31   14    8       6  7    19.66       5  8    19.46       6  8    19.39       5  7    19.25       4  8    19.22       4  7    19.16
  31   15    8       6  8    20.55       5  8    20.39       4  8    20.33
  31   16    8       6  8    25.48       5  8    24.97       4  8    24.55
  31   17    8       4 12    18.88       4  9    18.69       4 10    18.21       6  8    17.96       4 11    17.95
  31   18    8       4 12    20.79       4 10    20.34       2 18    19.92
  31   19    8       4 12    21.28       4 11    20.90
  31   20    8       4 12    24.81
  31   21    8       6  8    20.75       5  8    20.46       4  8    20.39       4 12    20.31       6  7    20.16
  31   22    8       6  8    21.83       4 12    21.64       5  8    21.61       4  8    21.07
  31   23    8       6  8    22.27       5  8    22.18       4 12    22.07       4  8    21.72
  31   24    8       4 12    27.68       6  8    26.78       5  8    26.39
  31   25    8       6  8    20.49       4 12    20.25       5  8    20.13       6  7    19.56
  31   26    8       6  8    21.66       4 12    21.20       5  8    20.74
  31   27    8       6  8    21.77       4 12    21.09       5  8    20.75
  31   28    8       4 12    24.84       6  8    24.74       5  8    24.40
  31   29    8       4 12    22.23       6  8    22.02       5  8    21.60       4  8    21.41
  31   30    8       4 12    22.96       5  8    22.61       6  8    22.39
  31   31    8       4 12    23.75       6  8    23.64       5  8    23.10
  31   32    8       5  8    26.59       6  8    26.32       4 12    26.22       4  8    25.38
  32    1    8       8  1     3.87
  32    2    8       8  2     7.25      16  2     7.14      12  2     7.10      11  2     7.02      13  2     7.01
  32    3    8       8  3    11.57
  32    4    8       8  4    16.99
  32    5    8       4  5    13.14       6  5    12.52
  32    6    8       4  6    16.12
  32    7    8       4  7    18.71
  32    8    8       4  8    23.84
  32    9    8       4  9    17.16
  32   10    8       4 10    19.65
  32   11    8       4 11    21.21
  32   12    8       4 12    27.37
  32   13    8       4  8    19.44
  32   14    8       4  8    21.28       4  7    20.49
  32   15    8       4  8    22.68
  32   16    8       4  8    26.06
  32   17    8       4 12    20.81       4  9    20.39
  32   18    8       4 12    23.10       4 10    22.21
  32   19    8       4 12    23.45       4 11    22.67
  32   20    8       4 12    27.43
  32   21    8       4  8    22.32       4 12    21.90
  32   22    8       4 12    22.57       4  8    22.41
  32   23    8       4  8    23.74       4 12    23.58
  32   24    8       4 12    29.09
  32   25    8       4 12    22.02       4  8    21.10
  32   26    8       4 12    22.82       6  8    21.89       4  8    21.80
  32   27    8       4 12    22.71       6  8    21.92
  32   28    8       4 12    26.66
  32   29    8       4 12    24.21       4  8    23.29
  32   30    8       4 12    24.75
  32   31    8       4 12    26.13       4  8    24.97
  32   32    8       4 12    28.40
(16,16*16)T(16,n) 32
 256    1   16      10  1     5.28      13  1     5.24      11  1     5.24      12  1     5.21       9  1     5.15       8  1     5.10
 256    2   16       9  2    10.71      10  2    10.63      13  2    10.57      12  2    10.37      11  2    10.36       8  2    10.30
 256    3   16      13  3    15.10       9  3    15.09      10  3    15.05      11  3    15.03       7  3    14.90      12  3    14.85       8  3    14.65
 256    4   16       9  4    20.68       7  4    20.60      13  4    20.50      14  4    20.24      10  4    20.08       8  4    20.05      11  4    19.99      12  4    19.91       6  4    19.74
 256    5   16       6  5    16.31       5  5    16.23
 256    6   16       6  6    19.50       5  6    19.50       4  6    18.69
 256    7   16       5  7    22.58       6  7    22.42       4  7    21.54
 256    8   16       6  8    27.39       5  8    27.22
 256    9   16       4  9    18.25
 256   10   16       4 10    21.02
 256   11   16       4 11    22.46
 256   12   16       4 12    29.72
 256   13   16       5  8    20.22       6  8    20.21       5  7    19.87       6  7    19.66       4  8    19.54       4  7    19.26
 256   14   16       6  8    22.10       5  8    21.64       5  7    21.15       6  7    21.14       4  8    21.02
 256   15   16       6  8    23.23       5  8    22.84       4  8    22.37
 256   16   16       6  8    28.25       5  8    28.19
 256   17   16       4 12    22.36
 256   18   16       4 12    23.74
 256   19   16       4 12    24.68
 256   20   16       4 12    27.61
 256   21   16       4 12    22.72       6  8    22.12       5  8    21.62
 256   22   16       4 12    24.29       6  8    23.37
 256   23   16       4 12    24.78
 256   24   16       4 12    29.69       6  8    28.57
 256   25   16       4 12    22.08       6  8    21.00
 256   26   16       4 12    23.49
 256   27   16       4 12    24.12       6  8    23.00
 256   28   16       4 12    26.76       6  8    25.49
 256   29   16       4 12    24.28
 256   30   16       4 12    25.49
 256   31   16       4 12    25.88
 256   32   16       6  8    29.81       5  8    29.53       4 12    29.41
(16,n)T(16,16*16) 32
   1  256   16       1 20    18.56       1 16    17.92
   2  256   16       2 16    19.99
   3  256   16       2 16    20.29       2 20    19.78
   4  256   16       4 12    28.03
   5  256   16       5  8    25.81
   6  256   16       6  8    26.82
   7  256   16       6  8    24.97       7  8    23.99
   8  256   16       4 12    25.78
   9  256   16       5  8    25.56       4 12    24.62
  10  256   16       6  8    25.98
  11  256   16       6  8    26.04
  12  256   16       6  8    26.59       4 12    25.33
  13  256   16       6  8    26.03       7  8    24.91
  14  256   16       6  8    25.06       5  8    24.92
  15  256   16       5  8    24.26       6  8    23.98       4 12    23.20
  16  256   16       6  8    26.23       4 12    25.12
  17  256   16       6  8    26.18
  18  256   16       6  8    25.43
  19  256   16       6  8    25.01       5  8    24.17
  20  256   16       4 12    25.00       6  8    24.59       7  8    24.21       5  8    23.77
  21  256   16       4 12    24.44       6  8    23.77       5  8    23.52
  22  256   16       6  8    25.32
  23  256   16       6  8    25.43
  24  256   16       6  8    24.96       4 12    24.94       5  8    23.72
  25  256   16       6  8    24.65       4 12    24.30       5  8    23.60
  26  256   16       6  8    24.32       4 12    23.94       7  8    23.38       5  8    23.29
  27  256   16       7  8    23.73       6  8    23.73       4 12    23.71       5  8    23.13
  28  256   16       6  8    24.88       4 12    24.86
  29  256   16       6  8    25.02       4 12    24.41
  30  256   16       6  8    24.67       4 12    24.06
  31  256   16       6  8    24.31       4 12    23.79       5  8    23.21
  32  256   16       4 12    24.53       6  8    24.15
