square 64
   1    1    1       1  1     0.10
   2    2    2       2  2     0.72       1  2     0.69
   3    3    3       3  3     2.40
   4    4    4       4  4     5.18
   5    5    5       5  5     9.45
   6    6    6       6  6    14.04
   7    7    7       7  7    19.74
   8    8    8       4  8    27.67       8  8    27.62
   9    9    9       9  9    28.90
  10   10   10      10 10    34.77
  11   11   11      11 11    41.47
  12   12   12      12 12    48.21
  13   13   13      13 13    52.03
  14   14   14       7 14    57.58      14 14    55.54
  15   15   15      15 15    61.51       5 15    61.42       8 15    60.82       9 15    60.76      10 15    59.22      11 15    59.12
  16   16   16       8 16    74.54       4 16    72.96
  17   17   17       6 17    53.39       5 17    53.29       9 17    53.08       4 17    52.03       8 17    51.77       7 17    51.54       3 17    50.95
  18   18   18       9 18    64.41       6 18    64.15
  19   19   19       5 19    64.83       7 19    64.47       8 19    63.70       6 19    62.87       4 19    62.82       9 19    62.24      10 19    62.21
  20   20   20       5 20    73.91       4 20    72.18       8 20    70.64      10 20    70.31
  21   21   21       7 21    78.15       8 21    74.46
  22   22   22       8 22    80.06       6 22    79.75       9 22    79.67       5 22    78.45       7 22    77.33       4 22    76.98      11 16    76.69      11 14    76.08
  23   23   23       6 23    83.65       7 23    82.89       8 23    82.72       5 23    82.34       9 23    82.19       4 23    81.83
  24   24   24       6 24    97.31       8 24    97.13       5 24    94.16       4 24    94.12       7 24    93.41       9 24    93.29
  25   25   25       5 25    74.27
  26   26   26      13 16    76.11      13 13    75.03       6 26    74.63      13 14    74.41       9 13    73.91       7 26    73.71       9 16    72.79      13 15    72.74       4 26    72.65      14 13    72.61       9 14    72.35
  27   27   27       9 16    80.11       9 14    79.23       9 15    79.09       6 27    77.72       9 24    76.91       4 27    76.53       7 27    76.12
  28   28   28       6 28    83.79       4 28    83.29       7 16    83.25      14 16    82.83      14 14    82.72       7 28    82.63       7 14    81.53       5 28    81.26       7 15    81.16      14 15    81.04      10 14    81.00       7 24    80.65       8 14    80.55      11 16    80.52      11 14    80.40      10 16    80.22      12 16    80.20       8 16    79.82      12 14    79.77       7 20    79.66
  29   29   29      11 16    82.67       8 16    82.67       5 29    82.65       6 29    82.32       8 15    81.71       4 29    81.40      11 15    81.19      12 16    80.63       3 29    80.49      10 15    80.36       6 16    80.35      10 16    79.87      12 15    79.84      13 15    79.70       9 16    78.85       8 21    78.67      13 16    78.58
  30   30   30       6 30    90.28       5 30    90.04      10 16    87.93      15 15    87.48       4 30    87.47      10 15    87.45       8 15    86.93      12 15    86.92      11 15    86.86       8 16    86.79      13 15    86.75      11 16    86.71      15 16    86.67       7 30    86.41      13 16    85.92
  31   31   31       4 31    91.50       8 16    90.95       5 31    90.05      12 16    88.98       9 16    88.77       7 16    88.71      11 16    88.33       7 31    87.74      13 16    87.65       3 31    87.52
  32   32   32       4 32   102.61       6 32   100.72      12 16   100.32       5 32   100.25      11 16   100.24      13 16   100.05      14 16    99.19       3 32    99.06       8 16    98.91       9 16    98.36
  33   33   33       5 33    80.08       3 33    79.11       9 17    77.52       9 24    77.27       7 24    76.98      11 16    76.59       9 21    76.33       4 33    76.30      13 16    76.25       9 18    76.14       9 19    76.09
  34   34   34       9 18    79.97       5 34    79.88       7 24    79.79       4 34    79.69       9 24    79.64       7 18    79.47       6 18    79.26       9 20    78.79       6 24    78.72       9 19    78.56       9 22    78.53       5 18    78.45       5 24    78.39       9 21    78.23      12 16    78.21       7 20    78.15       7 19    78.09      13 16    78.09       9 23    78.07       7 23    77.97       7 22    77.90       7 21    77.87       8 18    77.86       8 24    77.50      10 24    77.36       3 34    77.24       6 20    77.23      14 16    77.22       6 19    77.20       6 32    77.15      13 14    77.12       8 22    77.00      14 14    76.90       8 20    76.86       6 23    76.86       5 20    76.84       6 22    76.82      10 18    76.80       5 19    76.76       6 21    76.73      12 14    76.69       8 19    76.69      14 13    76.58      12 13    76.58      10 22    76.48       8 21    76.48       9 16    76.42      10 20    76.42      14 15    76.39       5 22    76.36      13 13    76.33      10 21    76.22      10 19    76.19       5 23    76.18      10 16    76.15       5 21    76.15
  35   35   35       7 24    84.47       4 35    83.92       5 35    83.45       7 22    82.96       7 23    82.91       9 24    82.49       7 19    82.41       7 20    82.27       7 21    82.08       6 24    81.79       5 24    81.70       9 19    81.14       9 23    80.95       3 35    80.85      14 16    80.73       9 22    80.69       9 20    80.64       9 21    80.63       6 19    80.28
  36   36   36       9 24    87.46       4 36    85.78       6 24    85.27       9 20    84.99       6 20    84.51       3 36    84.37       8 20    84.00       6 21    83.80       8 24    83.73       6 23    83.67       6 22    83.45      14 16    83.43       9 23    83.40       9 22    83.16       5 36    83.10
  37   37   37       5 37    87.37       4 37    86.23       8 24    86.08       8 21    86.06       8 23    85.54       8 22    84.95       7 24    84.77      13 16    84.61      10 24    84.46       9 24    84.19      10 21    83.76       7 21    83.69       7 22    83.20      13 15    83.13
  38   38   38       4 38    90.50       5 38    90.30       3 38    88.75       8 22    87.74       8 24    87.53       9 24    86.81       6 24    86.78       8 23    86.59       7 24    86.57      10 24    86.40       5 24    86.25       6 22    86.13
  39   39   39       4 39    94.75       3 39    93.27      13 16    91.38       8 24    90.98       5 39    90.52       5 24    90.22       6 24    90.18
  40   40   40       4 40   104.81       5 40   104.71       3 40   102.17       8 24   100.92       5 24   100.47
  41   41   41       3 41    79.99       4 41    79.73       6 24    79.30       6 32    78.63       7 24    78.35      12 16    78.10      11 16    78.05       6 25    78.02       9 16    77.69       9 24    77.55       6 23    77.32       7 32    77.16       6 22    77.14       6 29    77.05       8 24    77.04       6 31    77.02       7 25    76.92       6 26    76.87       6 21    76.86       6 30    76.86       7 21    76.80      12 15    76.78       7 23    76.76       9 21    76.75       6 28    76.73       6 27    76.73       5 24    76.71       7 22    76.71       7 16    76.58       8 23    76.53       9 22    76.52       7 26    76.49       8 22    76.37       8 21    76.37       9 23    76.32      12 14    76.23      11 15    76.06       5 32    76.02
  42   42   42       6 24    87.09       7 24    86.63       6 32    86.15       3 42    86.10       6 26    85.64       6 22    85.63       4 42    85.62       6 21    85.55       6 23    85.15       7 22    84.99       9 21    84.97       6 30    84.63       6 28    84.51       6 31    84.39       6 27    84.19       7 16    83.86       5 24    83.76       8 24    83.73       6 29    83.71       8 21    83.41       9 22    83.31       7 32    83.19       9 23    82.92       7 30    82.87       9 24    82.85       7 28    82.84
  43   43   43       9 24    82.40       4 43    81.90       9 22    81.87       9 23    81.60      11 16    81.60       8 24    81.32       7 24    80.51       8 23    80.41       8 22    80.28       5 24    79.74       3 43    79.41       6 23    79.12      11 15    79.09       6 24    78.79       7 23    78.76       5 32    78.74       5 23    78.69       5 27    78.65       5 22    78.57       9 16    78.36       7 22    78.35
  44   44   44       4 44    89.95       9 24    88.56       7 24    88.40       3 44    88.16       5 24    87.93       9 22    87.54      11 16    87.29       8 24    86.82       6 24    86.60       8 22    86.43       4 32    86.14       5 32    85.83       5 28    85.76       9 23    85.68       7 22    85.59       4 24    85.45
  45   45   45       9 24    88.33       5 32    86.91       8 23    86.75       9 23    86.36       7 24    86.34       3 45    86.04       4 45    85.99       5 29    85.89       7 23    85.08       5 24    84.83       8 24    84.72       5 23    84.45
  46   46   46       4 46    92.07       8 24    90.74       7 24    90.25       8 23    89.85       3 46    89.71       6 24    89.16       9 24    89.13       7 23    89.05       6 32    88.70       5 24    88.67       6 30    87.90       7 32    87.89      10 24    87.57
  47   47   47       4 47    92.67       8 24    91.69       7 24    91.47       6 24    90.42       3 47    90.30       9 24    89.39       6 32    89.37       5 24    89.34       5 32    88.40       6 31    88.33
  48   48   48       8 24   104.13       6 24   103.44       4 48   103.38       7 24   103.19       3 48   102.99       9 24   102.66       5 24   102.14      12 16   101.80       6 32   101.43       4 24   101.24      14 16   100.56      13 16   100.28      11 16    99.47      10 16    99.38       2 48    99.16       5 32    99.09
  49   49   49       5 25    83.84       7 25    83.05       5 32    82.94       7 28    82.81       5 27    82.77       5 26    82.75       5 28    82.74       5 31    82.53       5 30    82.49       5 29    82.47       7 27    82.16       7 26    82.03       7 30    81.98       7 29    81.75       7 32    81.42       7 31    81.13       6 25    80.66       5 33    80.53       5 35    80.32       5 34    80.21       6 32    79.85       5 40    79.72
  50   50   50       5 26    89.09       5 28    87.29       5 32    87.23       5 27    86.87       5 29    86.85       6 32    85.45       5 30    85.38       5 40    85.25       6 26    85.13       5 31    84.83
  51   51   51       6 32    80.49       6 28    80.12       6 27    80.05       6 29    79.78       6 31    79.23       6 30    79.21       7 30    79.06       7 29    79.06       7 31    78.87       7 28    78.87       7 32    78.73       5 27    78.68       5 28    78.40       5 29    78.34       5 32    78.20       5 36    77.72       5 31    77.53       5 30    77.50       7 27    77.41       5 37    77.39       5 35    76.96       5 40    76.92       4 27    76.83       5 38    76.50
  52   52   52       6 28    90.04       6 32    89.86       7 28    89.23       4 28    89.13       4 32    88.73       5 28    88.11       7 32    87.99       5 32    87.98       6 30    87.34       6 29    87.26       6 31    87.21       7 29    86.76       7 30    86.66       4 40    86.62       7 31    86.42       4 36    86.21
  53   53   53       6 32    87.27       6 29    86.79       6 30    85.92       7 29    85.86       6 31    85.69       7 32    85.07       7 30    85.00       7 31    84.65       5 29    84.12       5 32    83.23       5 30    83.15
  54   54   54       6 32    90.83       6 30    90.70       7 32    88.29       5 32    88.26       7 30    88.20       6 31    88.01       5 30    87.67       7 31    86.61       9 24    86.50
  55   55   55       5 31    90.88       5 32    90.41       7 32    88.82       7 31    88.82       6 31    87.71       5 40    87.39       5 39    87.02       4 32    86.63       6 32    86.44       4 31    86.39
  56   56   56       4 32   100.16       7 32    99.64       6 32    99.25       5 32    98.40       4 40    96.94       5 40    96.36
  57   57   57       6 32    76.48       6 31    76.27       6 29    76.22       6 30    76.11       7 30    75.20       7 29    75.17       7 32    75.16       7 31    75.05       5 40    73.34       5 32    73.15       9 24    72.84
  58   58   58       6 32    87.04       5 32    86.32       6 30    86.12       6 29    85.46       6 31    84.98       5 30    84.27       5 34    84.02       4 32    83.86       5 29    83.77       5 40    83.63       7 32    83.55       8 24    83.04       9 24    82.78
  59   59   59       6 32    86.76       6 30    86.31       6 31    85.52       5 31    84.50       5 30    84.46       5 32    84.00       7 32    83.22       7 30    82.89       7 31    82.72
  60   60   60       6 32    93.35       5 32    92.79       4 32    90.75       5 36    89.31       5 40    89.26       6 30    89.09       8 24    88.90       6 24    88.90       7 32    88.89       5 24    88.79
  61   61   61       6 32    86.61       7 32    86.12       9 24    85.65       5 32    85.59       8 24    85.22       7 31    85.12       8 23    85.03       6 31    84.98       5 31    84.43       7 24    84.09       7 23    83.56       4 32    83.46       9 23    83.17       5 37    82.53
  62   62   62       6 32    90.75       8 24    89.81       9 24    89.47       5 32    89.28       7 24    89.26       8 23    88.70       7 32    88.60       4 32    87.35       6 31    87.21       7 31    87.03       9 23    86.76       5 38    86.62       6 24    86.53       7 23    86.52
  63   63   63       7 24    92.41       9 24    92.04       8 24    90.81       7 32    90.56       5 32    90.39       6 32    90.22       9 16    88.30       6 24    88.08
  64   64   64       6 32    99.13      14 16    97.42      13 16    96.71       8 24    96.51       5 32    96.49       5 40    95.98       9 24    94.57
(n,n*n)T(n,n) 32
   1    1    1       1  1     0.10
   4    2    2       4  2     1.36       2  2     1.33
   9    3    3       9  3     5.54
  16    4    4      16  4    12.56       8  4    11.97
  25    5    5      25  5    21.38       5  5    20.40
  36    6    6       9  6    32.37      18  6    31.60       6  6    31.46      12  6    31.25
  49    7    7       7  7    43.65      16  7    42.92       8  7    42.73      11  7    42.73      15  7    42.55      24  7    42.27      20  7    42.15      12  7    42.11      22  7    41.95      13  7    41.91      14  7    41.84      21  7    41.76       9  7    41.75      18  7    41.75      10  7    41.64      17  7    41.62      19  7    41.61
  64    8    8      16  8    65.99       8  8    64.75
  81    9    9       8  9    43.84       9  9    43.69       7  9    43.14      13  9    43.01      11  9    42.70      10  9    42.43       4  9    42.01
 100   10   10      12 10    51.52       9 10    50.93      11 10    50.56      10 10    50.08       8 10    49.83       7 10    49.36
 121   11   11      11 11    56.20      10 11    55.05       9 11    54.87       7 11    54.43       8 11    54.39      14 11    54.36
 144   12   12       9 12    64.66      14 12    64.29      12 12    63.80      10 12    63.61       8 12    62.99       7 12    62.36      11 12    62.16       6 12    61.90      13 12    61.66
 169   13   13       9 13    69.12       8 13    66.50      11 13    66.25      10 13    66.13       7 13    65.83
 196   14   14       9 14    72.83      14 14    72.35       8 14    70.88       7 14    70.68      12 14    69.93       6 14    69.71      10 14    69.35
 225   15   15       8 15    76.04       6 15    75.74       7 15    74.32      14 15    74.30       5 15    73.61      10 15    73.03       9 15    72.74      11 15    72.48
 256   16   16      12 16    86.29      11 16    85.81      14 16    85.64      10 16    85.45       9 16    85.42      13 16    85.23       8 16    85.00       7 16    84.31       6 16    82.60
 289   17   17       7 17    62.25       6 17    61.98       5 17    61.82       8 17    61.07       4 17    60.32       9 17    59.60
 324   18   18       5 18    67.74       7 18    67.74       9 18    67.19       8 18    67.17       6 18    67.13       4 18    65.52
 361   19   19       7 19    70.84       5 19    69.94       6 19    69.74       8 19    69.62       4 19    68.50
 400   20   20       5 20    76.59       6 20    76.31       9 20    75.99       8 20    75.86       7 20    75.81       4 20    74.45
 441   21   21       7 21    78.76       6 21    78.43       8 21    78.04       5 21    77.73       9 21    77.49       4 21    76.27
 484   22   22       7 22    83.83       8 22    82.92       6 22    82.91       9 22    82.74       4 22    80.92
 529   23   23       7 23    87.23       6 23    87.03       5 23    86.57       9 23    86.22       8 23    85.56       4 23    85.00
 576   24   24       5 24   100.21       8 24    99.38       6 24    99.38       9 24    99.00       7 24    98.64       4 24    96.80
 625   25   25       5 25    72.89       6 25    72.38       4 25    72.34       3 25    69.42
 676   26   26       6 26    76.23       5 26    75.62       4 26    75.59       3 26    73.35
 729   27   27       6 27    79.34       4 27    78.39       5 27    78.31
 784   28   28       5 28    84.21       6 28    83.74       4 28    83.30       3 28    81.13       7 28    80.05
 841   29   29       6 29    84.90       4 29    84.85       3 29    81.44
 900   30   30       5 30    86.28       6 30    85.84       4 30    85.22
 961   31   31       5 31    91.74       6 31    91.26       4 31    90.68       3 31    87.27
1024   32   32       6 32    93.23       5 32    91.45       4 32    89.88       7 32    89.39
small non-square k=8 32
   1    1    8       1  1     0.65
   1    2    8       1  2     1.32
   1    3    8       1  3     2.00
   1    4    8       1  4     2.64
   1    5    8       1  5     3.33
   1    6    8       1  6     4.00
   1    7    8       1  7     4.66
   1    8    8       1  8     5.26
   1    9    8       1  9     5.71
   1   10    8       1 10     6.40
   1   11    8       1 11     6.98
   1   12    8       1 12     7.75
   1   13    8       1 13     8.25
   1   14    8       1 14     8.97
   1   15    8       1 15     9.52
   1   16    8       1 16    10.46
   1   17    8       1 17    10.10
   1   18    8       1 18    10.80
   1   19    8       1 19    11.14
   1   20    8       1 20    12.12
   1   21    8       1 21    11.95
   1   22    8       1 22    12.58
   1   23    8       1 23    12.86
   1   24    8       1 24    15.19
   1   25    8       1 25    13.04
   1   26    8       1 26    13.57
   1   27    8       1 27    14.01
   1   28    8       1 28    15.57
   1   29    8       1 29    14.75
   1   30    8       1 30    15.54
   1   31    8       1 31    15.76
   1   32    8       1 32    18.38
   2    1    8       2  1     1.28
   2    2    8       2  2     2.53
   2    3    8       2  3     3.87
   2    4    8       2  4     5.08
   2    5    8       2  5     6.44
   2    6    8       2  6     7.74
   2    7    8       2  7     9.02
   2    8    8       2  8    10.42
   2    9    8       2  9    10.44
   2   10    8       2 10    11.68
   2   11    8       2 11    12.76
   2   12    8       2 12    14.12
   2   13    8       2 13    15.08
   2   14    8       2 14    16.35
   2   15    8       2 15    17.40
   2   16    8       2 16    18.92
   2   17    8       2 17    17.39
   2   18    8       2 18    18.56
   2   19    8       2 19    19.25
   2   20    8       2 20    21.01
   2   21    8       2 21    21.19
   2   22    8       2 22    22.50
   2   23    8       2 23    23.33
   2   24    8       2 24    25.74
   2   25    8       2 25    23.84
   2   26    8       2 26    25.05
   2   27    8       2 27    25.27
   2   28    8       2 28    27.21
   2   29    8       2 29    27.46
   2   30    8       2 30    28.68
   2   31    8       2 31    28.96
   2   32    8       2 32    31.84
   3    1    8       3  1     1.84
   3    2    8       3  2     3.68
   3    3    8       3  3     5.49
   3    4    8       3  4     7.37
   3    5    8       3  5     9.15
   3    6    8       3  6    11.07
   3    7    8       3  7    12.80
   3    8    8       3  8    14.95
   3    9    8       3  9    14.28
   3   10    8       3 10    15.92
   3   11    8       3 11    17.46
   3   12    8       3 12    19.18
   3   13    8       3 13    20.63
   3   14    8       3 14    22.30
   3   15    8       3 15    23.80
   3   16    8       3 16    24.73
   3   17    8       3 17    23.05
   3   18    8       3 18    24.43
   3   19    8       3 19    25.72
   3   20    8       3 20    27.54
   3   21    8       3 21    28.30
   3   22    8       3 22    29.76
   3   23    8       3 23    31.05
   3   24    8       3 24    34.13
   3   25    8       3 25    29.72
   3   26    8       3 26    31.22
   3   27    8       3 27    32.39
   3   28    8       3 28    33.73
   3   29    8       3 29    34.73
   3   30    8       3 30    35.96
   3   31    8       3 31    36.84
   3   32    8       3 32    38.71       3 16    37.25
   4    1    8       4  1     2.20
   4    2    8       4  2     4.32
   4    3    8       4  3     6.54
   4    4    8       4  4     8.63       2  4     8.29
   4    5    8       4  5    10.95
   4    6    8       4  6    13.11       2  6    12.50
   4    7    8       4  7    15.26
   4    8    8       4  8    17.46       2  8    17.24
   4    9    8       4  9    17.60
   4   10    8       4 10    19.68
   4   11    8       4 11    21.52
   4   12    8       4 12    23.71
   4   13    8       4 13    25.55
   4   14    8       4 14    27.55
   4   15    8       4 15    29.48
   4   16    8       4 16    31.02
   4   17    8       4 17    27.15
   4   18    8       4 18    28.81
   4   19    8       4 19    30.38
   4   20    8       4 20    32.00
   4   21    8       4 21    33.58
   4   22    8       4 22    35.17
   4   23    8       4 23    36.76
   4   24    8       4 24    38.31       2 24    37.59
   4   25    8       4 25    35.44
   4   26    8       4 26    36.82       4 13    35.00
   4   27    8       4 27    38.31
   4   28    8       4 28    39.95       2 28    38.03       4 14    37.96
   4   29    8       4 29    41.14
   4   30    8       4 30    42.49       4 15    40.40
   4   31    8       4 31    43.91
   4   32    8       4 32    45.89       2 32    44.63       4 16    44.60
   5    1    8       5  1     2.46
   5    2    8       5  2     4.99
   5    3    8       5  3     7.35
   5    4    8       5  4     9.95
   5    5    8       5  5    12.25
   5    6    8       5  6    14.70
   5    7    8       5  7    17.16
   5    8    8       5  8    20.65
   5    9    8       5  9    18.84
   5   10    8       5 10    20.99
   5   11    8       5 11    23.05
   5   12    8       5 12    25.20
   5   13    8       5 13    27.23
   5   14    8       5 14    29.38
   5   15    8       5 15    31.38
   5   16    8       5 16    33.22
   5   17    8       5 17    30.72
   5   18    8       5 18    32.46
   5   19    8       5 19    34.34
   5   20    8       5 20    36.49
   5   21    8       5 21    37.91
   5   22    8       5 22    40.01
   5   23    8       5 23    41.47
   5   24    8       5 24    43.84
   5   25    8       5 25    39.55
   5   26    8       5 26    40.66
   5   27    8       5 27    42.10
   5   28    8       5 28    44.06
   5   29    8       5 29    45.33
   5   30    8       5 30    46.31
   5   31    8       5 31    47.88
   5   32    8       5 32    50.79
   6    1    8       6  1     2.80
   6    2    8       6  2     5.61
   6    3    8       6  3     8.43
   6    4    8       6  4    11.22
   6    5    8       6  5    14.05
   6    6    8       6  6    16.90
   6    7    8       6  7    19.67
   6    8    8       3  8    22.69       6  8    22.60       2  8    21.62
   6    9    8       6  9    21.26
   6   10    8       6 10    23.61
   6   11    8       6 11    25.94
   6   12    8       6 12    28.43       3 12    27.34
   6   13    8       6 13    30.75
   6   14    8       6 14    33.11
   6   15    8       6 15    35.51
   6   16    8       6 16    37.10       3 16    37.06       2 16    35.68
   6   17    8       6 17    33.86
   6   18    8       6 18    35.86
   6   19    8       6 19    37.85
   6   20    8       6 20    39.94
   6   21    8       6 21    41.54
   6   22    8       6 22    43.55
   6   23    8       6 23    45.55
   6   24    8       3 24    48.09       6 24    47.54       2 24    45.76
   6   25    8       6 25    41.90
   6   26    8       6 26    43.17       3 26    41.45
   6   27    8       6 27    44.11       3 27    42.49
   6   28    8       6 28    45.95       3 28    44.73       2 28    44.17
   6   29    8       6 29    46.26       3 29    45.38
   6   30    8       6 30    47.97       3 30    47.63
   6   31    8       6 31    48.85       3 31    48.22
   6   32    8       6 32    52.30       3 32    52.27       2 32    52.13
   7    1    8       7  1     3.18
   7    2    8       7  2     6.35
   7    3    8       7  3     9.40
   7    4    8       7  4    12.74
   7    5    8       7  5    15.75
   7    6    8       7  6    17.72
   7    7    8       7  7    22.06
   7    8    8       7  8    25.69
   7    9    8       7  9    23.20
   7   10    8       7 10    25.99
   7   11    8       7 11    28.59
   7   12    8       7 12    31.44
   7   13    8       7 13    33.74
   7   14    8       7 14    36.31
   7   15    8       7 15    38.60
   7   16    8       7 16    40.34
   7   17    8       7 17    35.82
   7   18    8       7 18    38.03
   7   19    8       7 19    40.02
   7   20    8       7 20    42.22
   7   21    8       7 21    44.17
   7   22    8       7 22    46.35
   7   23    8       7 23    47.42
   7   24    8       7 24    49.52
   7   25    8       5 25    38.34       4 25    37.14
   7   26    8       7 26    42.27       7 13    41.62
   7   27    8       7 27    43.16
   7   28    8       7 28    45.19       7 14    44.15
   7   29    8       7 29    45.95
   7   30    8       7 30    48.92       7 15    48.71
   7   31    8       5 31    45.52       7 16    45.16       4 31    44.32       7 31    43.39
   7   32    8       7 32    52.94       7 16    52.61
   8    1    8       8  1     3.44
   8    2    8       8  2     6.84
   8    3    8       8  3    10.28
   8    4    8       8  4    13.67
   8    5    8       8  5    17.14
   8    6    8       8  6    20.52
   8    7    8       8  7    23.99
   8    8    8       4  8    27.67       8  8    27.60
   8    9    8       8  9    24.83
   8   10    8       8 10    27.59
   8   11    8       8 11    30.31
   8   12    8       8 12    33.06
   8   13    8       8 13    35.90
   8   14    8       8 14    38.65
   8   15    8       8 15    41.39
   8   16    8       4 16    43.52       8 16    43.32
   8   17    8       8 17    37.48
   8   18    8       8 18    40.48
   8   19    8       8 19    42.38
   8   20    8       8 20    43.95
   8   21    8       8 21    44.76       4 21    43.18
   8   22    8       8 22    46.73       4 22    45.48
   8   23    8       8 23    47.65       4 23    47.02
   8   24    8       4 24    52.03       8 24    50.13       2 24    50.00
   8   25    8       4 25    42.82
   8   26    8       8 13    44.22       4 13    43.99       4 26    43.86
   8   27    8       4 27    45.89
   8   28    8       4 28    49.18       2 28    48.05       8 14    47.94       4 14    47.63
   8   29    8       4 29    49.86
   8   30    8       8 15    52.63       4 15    51.81       4 30    51.60
   8   31    8       4 31    53.49
   8   32    8       2 32    59.07       4 32    59.05       4 16    57.85
   9    1    8       9  1     3.74
   9    2    8       9  2     7.46
   9    3    8       9  3    11.16
   9    4    8       9  4    14.93
   9    5    8       9  5    18.60
   9    6    8       9  6    22.50
   9    7    8       9  7    26.01
   9    8    8       9  8    29.99
   9    9    8       9  9    26.48
   9   10    8       9 10    29.32
   9   11    8       9 11    32.31
   9   12    8       9 12    35.18
   9   13    8       9 13    38.13
   9   14    8       9 14    41.05
   9   15    8       9 15    44.06
   9   16    8       9 16    46.16       3 16    45.57
   9   17    8       9 17    38.24
   9   18    8       9 18    40.61
   9   19    8       9 19    42.13
   9   20    8       9 20    43.71       3 20    42.73
   9   21    8       9 21    45.44
   9   22    8       9 22    47.97
   9   23    8       9 23    49.27
   9   24    8       3 24    54.77       9 24    53.97
   9   25    8       3 25    43.78
   9   26    8       9 13    46.09       3 26    45.86
   9   27    8       3 27    48.33
   9   28    8       3 28    51.45       9 14    50.26
   9   29    8       3 29    52.50
   9   30    8       3 30    54.90       9 15    54.14
   9   31    8       3 31    56.89
   9   32    8       3 32    61.77       9 16    59.59
  10    1    8      10  1     3.90
  10    2    8      10  2     7.93
  10    3    8      10  3    12.10
  10    4    8      10  4    15.78
  10    5    8      10  5    20.14
  10    6    8      10  6    24.26
  10    7    8      10  7    28.20
  10    8    8      10  8    32.25       5  8    31.20
  10    9    8      10  9    27.95
  10   10    8      10 10    31.13
  10   11    8      10 11    34.17
  10   12    8      10 12    37.42
  10   13    8      10 13    40.37
  10   14    8      10 14    42.41
  10   15    8      10 15    44.11
  10   16    8      10 16    47.61       5 16    46.99
  10   17    8       5 17    36.39
  10   18    8       5 18    40.12      10 18    38.33
  10   19    8       5 19    43.08
  10   20    8       5 20    43.99      10 20    42.62
  10   21    8       5 21    46.59
  10   22    8       5 22    48.90
  10   23    8       5 23    47.22       6 23    46.16       7 23    45.02
  10   24    8       5 24    55.65       2 24    55.41      10 24    54.28
  10   25    8       5 25    48.13
  10   26    8      10 13    48.55       5 13    48.32       5 26    46.83       2 26    46.24
  10   27    8       5 27    49.90
  10   28    8       2 28    53.69       5 28    53.53      10 14    52.49
  10   29    8       5 29    54.99
  10   30    8      10 15    58.05       5 30    57.51
  10   31    8       5 31    59.67
  10   32    8       5 32    65.14       2 32    64.01      10 16    62.55
  11    1    8      11  1     4.16
  11    2    8      11  2     8.20
  11    3    8      11  3    12.53
  11    4    8      11  4    16.93
  11    5    8      11  5    21.00
  11    6    8      11  6    25.06
  11    7    8      11  7    29.48
  11    8    8      11  8    33.95
  11    9    8      11  9    29.23
  11   10    8      11 10    32.54
  11   11    8      11 11    35.71
  11   12    8      11 12    38.50
  11   13    8      11 13    40.89
  11   14    8      11 14    43.63
  11   15    8      11 15    43.65
  11   16    8      11 16    47.78      11  8    46.25
  11   17    8       6 17    36.10       8 17    35.57       7 17    35.37       9 17    35.18      11 17    34.80       4 17    34.42
  11   18    8       8 18    37.14       7 18    36.70       9 18    36.67       6 18    36.58      11 18    35.95       3 18    35.33       4 18    35.30
  11   19    8       6 19    39.89       8 19    39.83       7 19    38.70      11 19    38.64       4 19    38.20
  11   20    8       6 20    42.12       7 20    42.07       8 20    41.98       5 20    41.61       9 20    41.42      11 20    41.11      11 14    41.03      11 12    40.95      11 13    40.89       3 20    40.68       4 20    40.57      11 15    40.51
  11   21    8       6 21    43.50       8 21    43.49       7 21    43.13      11 21    43.08       4 21    42.77       9 21    42.73       5 21    42.45      11 13    41.42
  11   22    8       6 22    46.64       7 22    46.60       9 22    46.23      11 14    45.66      11 22    45.46      11 15    45.06       8 22    45.02       5 22    44.78       4 22    44.76      11 16    44.46
  11   23    8       6 23    48.72       8 23    47.76       9 23    47.56      11 23    47.49       7 23    47.25       4 23    46.88       5 23    46.76
  11   24    8       3 24    53.38       9 24    52.99      11  8    52.88       4 24    52.79       5 24    52.54       8 24    52.41       6 24    52.30       7 24    52.17      11 24    52.12       2 24    51.55
  11   25    8       6 25    44.79      11 15    44.52      11 14    44.34      11 13    44.30       4 25    44.24       5 25    43.84      11 16    43.56       3 25    43.49       7 25    42.62
  11   26    8      11 13    50.69
  11   27    8       6 27    48.37      11 14    47.64      11 15    47.56       4 27    47.47       3 27    47.28      11 16    46.71       7 27    46.05
  11   28    8      11 14    54.68
  11   29    8       3 29    51.47      11 15    50.25       4 29    49.70       5 29    49.68
  11   30    8      11 15    59.85
  11   31    8      11 16    55.43       4 31    55.21       3 31    55.03       6 31    54.96       7 31    53.82       5 31    53.71
  11   32    8      11 16    63.72       5 32    61.00
  12    1    8      12  1     4.40
  12    2    8      12  2     8.75
  12    3    8      12  3    13.24
  12    4    8      12  4    17.50
  12    5    8      12  5    22.04
  12    6    8      12  6    26.48
  12    7    8      12  7    30.91
  12    8    8      12  8    35.73
  12    9    8      12  9    30.26
  12   10    8      12 10    33.91
  12   11    8      12 11    35.93
  12   12    8      12 12    39.66       4 12    37.91
  12   13    8      12 13    41.59
  12   14    8      12 14    42.99       4 14    42.91       6 14    42.06
  12   15    8      12 15    45.23       4 15    45.14       6 15    44.98
  12   16    8       4 16    50.89       3 16    49.72       6 16    49.64      12 16    48.97
  12   17    8       4 17    38.51       3 17    37.04
  12   18    8       6 18    43.00       4 18    41.63
  12   19    8       6 19    46.30
  12   20    8       6 20    49.01       4 20    47.30       3 20    47.15
  12   21    8       6 21    51.35       4 21    50.49
  12   22    8       6 22    54.85       4 22    52.58
  12   23    8       6 23    57.12       4 23    56.02
  12   24    8       3 24    61.48       6 24    61.16       4 24    59.70       2 24    59.25
  12   25    8       4 25    51.76       6 25    50.24       3 25    50.23
  12   26    8       4 26    53.73       3 26    52.59      12 13    52.47       6 26    52.40
  12   27    8       6 27    56.06       4 27    55.62       3 27    54.57
  12   28    8       6 28    59.51       4 28    58.53       3 28    56.73       2 28    56.59      12 14    56.54
  12   29    8       6 29    61.41       4 29    58.72       3 29    58.49
  12   30    8       6 30    63.36      12 15    61.93       4 30    61.77       3 30    61.32
  12   31    8       6 31    65.73       4 31    64.09       3 31    62.74
  12   32    8       4 32    69.69       6 32    68.92       3 32    67.92
  13    1    8      13  1     4.59
  13    2    8      13  2     8.99
  13    3    8      13  3    13.46
  13    4    8      13  4    18.48
  13    5    8      13  5    22.47
  13    6    8      13  6    26.98
  13    7    8      13  7    31.69
  13    8    8      13  8    37.02
  13    9    8      13  9    30.99
  13   10    8      13 10    32.57
  13   11    8      13 11    34.79
  13   12    8      13 12    39.95
  13   13    8      13 13    41.31
  13   14    8      13 14    43.98
  13   15    8      13 15    46.38
  13   16    8      13 16    51.01      13  8    48.98
  13   17    8       6 17    37.22       5 17    37.00       8 17    36.99       7 17    36.93       9 17    36.58      13 14    35.79      13 13    35.69      13 15    35.65      13 12    35.59      13 11    35.55      13  9    35.53      13 10    35.37
  13   18    8       8 18    39.70       4 18    38.94       7 18    38.21      13 11    37.97       9 18    37.90
  13   19    8       8 19    43.36       7 19    42.44       5 19    41.69       6 19    41.69
  13   20    8       8 20    45.85       6 20    45.54       7 20    45.48       5 20    45.36       9 20    45.05      13 12    44.80      13 14    44.32      13 13    44.29       4 20    43.89
  13   21    8       5 21    46.89       7 21    46.87       6 21    46.51       9 21    45.93       8 21    45.90       4 21    45.33      13 14    44.66      13 16    44.54
  13   22    8       7 22    50.61       9 22    49.80       6 22    49.67       8 22    49.28       5 22    49.20      13 14    48.96      13 15    48.43
  13   23    8       7 23    52.11       6 23    51.52       8 23    51.41       9 23    51.29       5 23    51.24       4 23    49.98
  13   24    8       6 24    56.88       3 24    56.72       5 24    56.58       7 24    56.37       9 24    56.28       4 24    56.22      13  8    55.98       8 24    55.84       2 24    54.77      10 24    54.58
  13   25    8       5 25    48.01      13 15    47.53      13 13    47.41      13 14    47.38      13 16    46.59       4 25    46.50       7 25    46.01
  13   26    8      13 13    54.13
  13   27    8       5 27    50.30       6 27    50.05       4 27    49.86      13 15    49.79      13 16    49.76      13 14    49.52       7 27    49.46       3 27    49.01
  13   28    8      13 14    58.25
  13   29    8       5 29    54.32       3 29    52.82       4 29    52.73      13 15    52.10
  13   30    8      13 15    63.14
  13   31    8       5 31    58.61       6 31    58.36      13 16    58.24       7 31    57.86       4 31    57.59       3 31    56.75
  13   32    8      13 16    67.30       4 32    64.85       6 32    64.63       5 32    64.20
  14    1    8      14  1     4.76
  14    2    8      14  2     9.46
  14    3    8      14  3    14.30
  14    4    8      14  4    18.99
  14    5    8      14  5    23.68
  14    6    8      14  6    28.60
  14    7    8      14  7    33.37
  14    8    8      14  8    38.69
  14    9    8       7  9    30.00
  14   10    8       7 10    33.49      14 10    32.33
  14   11    8       7 11    36.13      14 11    35.59
  14   12    8       7 12    38.88      14 12    38.23
  14   13    8       7 13    42.14
  14   14    8       7 14    44.25      14 14    42.35
  14   15    8       7 15    48.40      14 15    46.75
  14   16    8      14 16    52.02       7 16    51.83      14  8    50.31
  14   17    8       7 17    43.94
  14   18    8       7 18    44.49
  14   19    8       7 19    47.57
  14   20    8       7 20    51.52
  14   21    8       7 21    52.37
  14   22    8       7 22    53.96
  14   23    8       7 23    55.95
  14   24    8       7 24    65.98
  14   25    8       7 25    51.71       5 25    49.25       4 25    49.25
  14   26    8       7 26    55.29       7 13    53.25
  14   27    8       7 27    52.20       7 15    51.76       3 27    51.70       7 14    51.54       2 27    51.22       5 27    50.58
  14   28    8       7 28    59.80       7 14    58.98       2 28    58.61
  14   29    8       7 29    61.44
  14   30    8       7 15    61.35       2 30    59.05       4 30    58.71
  14   31    8       7 31    64.85
  14   32    8       2 32    68.78       7 32    68.76       7 16    68.26      14 16    67.72       4 32    67.00       6 32    66.67       5 32    65.85
  15    1    8      15  1     4.86
  15    2    8      15  2     9.81
  15    3    8      15  3    14.66
  15    4    8      15  4    19.63
  15    5    8      15  5    24.52
  15    6    8      15  6    29.28
  15    7    8      15  7    34.33
  15    8    8      15  8    40.00       5  8    38.19
  15    9    8       5  9    29.39      11  9    28.34       3  9    28.07
  15   10    8       5 10    32.69      15 10    32.60      11 10    31.54      12 10    31.17       3 10    31.16
  15   11    8       5 11    35.53      11 11    34.31      15 11    34.11
  15   12    8       5 12    39.02       3 12    38.61      15 12    38.54      11 12    37.59
  15   13    8       5 13    40.04      15 13    39.07       3 13    38.58      11 13    38.35
  15   14    8       5 14    43.67       3 14    42.61      15 14    42.55
  15   15    8       5 15    47.07      15 15    46.72       3 15    46.15
  15   16    8       3 16    54.06      15 16    52.88       5 16    52.55      15  8    51.50
  15   17    8       5 17    44.26
  15   18    8       5 18    46.79       3 18    45.05
  15   19    8       5 19    50.87
  15   20    8       5 20    54.15
  15   21    8       5 21    55.96
  15   22    8       5 22    59.16
  15   23    8       5 23    60.87
  15   24    8       5 24    66.75       3 24    66.07
  15   25    8       5 25    55.96       3 25    53.36
  15   26    8       5 26    56.36       3 26    55.64
  15   27    8       5 27    59.18       3 27    57.89
  15   28    8       5 28    62.59       3 28    60.35
  15   29    8       5 29    64.14       3 29    62.12
  15   30    8       5 30    66.57       3 30    64.98
  15   31    8       5 31    68.81       3 31    66.77
  15   32    8       5 32    73.28       3 32    72.48
  16    1    8      16  1     5.03
  16    2    8      16  2    10.15
  16    3    8      16  3    15.14
  16    4    8      16  4    20.33
  16    5    8      16  5    25.25
  16    6    8      16  6    30.18
  16    7    8      16  7    35.33
  16    8    8      16  8    40.79       8  8    39.27       4  8    38.78
  16    9    8       8  9    31.56       4  9    30.72
  16   10    8       8 10    34.43       4 10    34.10
  16   11    8       8 11    37.64       4 11    37.09
  16   12    8       8 12    40.85       4 12    40.72
  16   13    8       8 13    43.47       4 13    42.25
  16   14    8       8 14    47.38       4 14    46.81
  16   15    8       8 15    51.93       4 15    51.67
  16   16    8       4 16    58.47
  16   17    8       4 17    44.86       8 17    43.81
  16   18    8       8 18    48.32       4 18    48.01
  16   19    8       8 19    50.89       4 19    49.37
  16   20    8       8 20    55.77       4 20    53.48
  16   21    8       4 21    56.35       8 21    55.99
  16   22    8       8 22    61.01       4 22    58.26
  16   23    8       8 23    64.09       4 23    61.75
  16   24    8       8 24    69.23       4 24    67.04
  16   25    8       4 25    56.28
  16   26    8       4 26    58.47
  16   27    8       4 27    60.40
  16   28    8       4 28    63.71       2 28    60.68
  16   29    8       4 29    63.79
  16   30    8       4 30    67.23       4 15    64.39       8 15    64.12
  16   31    8       4 31    69.71
  16   32    8       4 32    73.40       8 16    71.73       2 32    70.50       4 16    70.45
  17    1    8      17  1     5.15
  17    2    8      17  2    10.33
  17    3    8      17  3    15.65
  17    4    8      17  4    20.67
  17    5    8      17  5    26.09
  17    6    8      17  6    31.26
  17    7    8      17  7    36.03
  17    8    8      17  8    41.92
  17    9    8      13  9    28.99       7  9    28.44       8  9    28.18       9  9    28.13      10  9    28.02      11  9    27.58
  17   10    8      11 10    31.88       7 10    31.40       8 10    30.95      10 10    30.75       4 10    30.74       9 10    30.72      13 10    30.61      12 10    30.38
  17   11    8      10 11    34.17       7 11    34.08       9 11    33.98      11 11    33.91       6 11    33.49      14 11    33.17      12 11    32.96      13 11    32.94       5 11    32.85       8 11    32.78       4 11    32.57
  17   12    8      13 12    37.98       9 12    37.36      11 12    37.04       8 12    37.00      10 12    36.94       4 12    36.92       7 12    36.79      12 12    36.15      14 12    36.11
  17   13    8       8 13    40.40       4 13    39.04       7 13    38.89       9 13    38.68       5 13    38.56       6 13    38.49
  17   14    8       8 14    44.25       7 14    44.21       4 14    43.70       9 14    43.09      11 14    42.83      14 14    42.73      10 14    42.52       5 14    42.44      12 14    42.34      13 14    42.10
  17   15    8       7 15    47.37       8 15    47.27       4 15    46.72      13 15    46.53       9 15    46.39      14 15    45.68       6 15    45.60      11 15    45.55       5 15    45.04
  17   16    8       4 16    52.91      17  8    52.45      13 16    51.74       3 16    51.49      10 16    50.79      14 16    50.78       8 16    50.62      12 16    50.55       9 16    50.50       6 16    50.50
  17   17    8       7 17    42.48       6 17    42.42       5 17    41.91       9 17    41.50       4 17    40.72
  17   18    8       6 18    45.38       9 18    45.16       8 18    44.31       5 18    44.07       4 18    43.74       7 18    43.64
  17   19    8       8 19    45.56       4 19    44.82       7 19    44.64       9 19    44.40       3 19    43.92       5 19    43.59
  17   20    8       6 20    50.91       5 20    50.78       8 20    50.57       7 20    50.37       9 20    50.22       4 20    49.20       3 20    48.74
  17   21    8       6 21    53.14       5 21    52.02       9 21    51.80       8 21    51.00       4 21    50.90       7 21    50.73
  17   22    8       7 22    54.94       5 22    54.48       6 22    53.96       4 22    53.01       9 22    52.30
  17   23    8       6 23    58.82       9 23    57.53       7 23    56.76       5 23    56.68       8 23    56.08
  17   24    8       8 24    63.90       7 24    63.48       5 24    63.27       6 24    62.90       4 24    62.80       3 24    62.28       9 24    61.73
  17   25    8       5 25    52.62       4 25    50.97       6 25    50.96       3 25    50.66
  17   26    8       4 26    50.49       5 26    50.32       6 26    50.16       3 26    50.04       7 26    50.02      10 13    48.60      13 13    48.23
  17   27    8       6 27    56.13       5 27    55.40       3 27    54.86       4 27    54.68
  17   28    8       5 28    59.58       6 28    59.44       4 28    58.73       3 28    57.89       7 28    57.71
  17   29    8       6 29    60.77       5 29    60.03       3 29    59.02       4 29    57.98
  17   30    8       6 30    62.82       5 30    62.69       3 30    61.81       4 30    61.64       7 30    60.08      10 15    60.00
  17   31    8       6 31    65.09       5 31    64.16       4 31    63.30       3 31    63.05
  17   32    8       5 32    69.47       6 32    69.33       4 32    69.09       3 32    68.92       8 16    66.68      13 16    66.66       7 32    66.66       2 32    66.63
  18    1    8      18  1     5.36
  18    2    8      18  2    10.66
  18    3    8      18  3    15.96
  18    4    8      18  4    21.46
  18    5    8      18  5    26.61
  18    6    8      18  6    31.99
  18    7    8      18  7    35.81       9  7    34.73
  18    8    8      18  8    42.59       9  8    42.49       6  8    41.28
  18    9    8       9  9    31.84       6  9    31.00
  18   10    8       9 10    34.83       6 10    34.08
  18   11    8       9 11    38.43       6 11    37.14
  18   12    8       9 12    42.51       6 12    41.20       3 12    41.10
  18   13    8       9 13    46.06
  18   14    8       9 14    49.75       6 14    49.00       3 14    47.89
  18   15    8       9 15    53.39       6 15    53.38
  18   16    8       6 16    60.60       3 16    58.60       9 16    58.38
  18   17    8       6 17    49.07
  18   18    8       6 18    51.19       9 18    51.05
  18   19    8       6 19    54.09       9 19    53.71
  18   20    8       6 20    57.62       9 20    57.12
  18   21    8       6 21    60.05       9 21    59.89
  18   22    8       9 22    63.89       6 22    63.27
  18   23    8       6 23    66.05       9 23    65.87
  18   24    8       6 24    72.36       9 24    71.21       3 24    68.99
  18   25    8       3 25    55.72       6 25    54.29
  18   26    8       6 26    59.91       3 26    58.11       9 13    57.24
  18   27    8       6 27    63.07       3 27    60.47
  18   28    8       6 28    66.71
  18   29    8       6 29    65.59       3 29    63.63
  18   30    8       6 30    68.97       3 30    66.87
  18   31    8       3 31    69.49
  18   32    8       6 32    77.18       3 32    76.19
  19    1    8      19  1     5.45
  19    2    8      19  2    10.93
  19    3    8      19  3    16.39
  19    4    8      19  4    21.86
  19    5    8      19  5    27.34
  19    6    8      19  6    32.77
  19    7    8      19  7    36.56
  19    8    8      19  8    43.47
  19    9    8       8  9    29.54       4  9    29.30      11  9    28.93       7  9    28.85       5  9    28.81      10  9    28.67       9  9    28.65      12  9    28.36      13  9    28.28
  19   10    8      11 10    32.64       8 10    32.43       4 10    32.27      12 10    32.02      10 10    31.99       7 10    31.55       5 10    31.46
  19   11    8      11 11    35.70       9 11    35.61      10 11    35.14       8 11    35.05       5 11    34.72       6 11    34.62       4 11    34.59       7 11    34.32      12 11    34.03
  19   12    8       8 12    39.70      10 12    39.69       4 12    39.58       9 12    39.53      11 12    39.13      13 12    38.66       6 12    38.42       5 12    38.37       3 12    38.28      12 12    38.27       7 12    38.01      15 12    37.82
  19   13    8       8 13    43.48       4 13    42.37       5 13    41.46
  19   14    8       8 14    47.39       4 14    46.51       9 14    46.32       7 14    45.93      11 14    45.46       5 14    45.06
  19   15    8       8 15    50.70       4 15    49.82       7 15    49.44       9 15    48.62      11 15    48.52       6 15    48.31      13 15    48.21
  19   16    8       4 16    55.14       6 16    54.99      19  8    54.92       9 16    53.70       8 16    53.57      13 16    53.52       3 16    53.27      10 16    53.24       5 16    52.98       7 16    52.73      14 16    52.72      15 16    52.62      12 16    52.45
  19   17    8       6 17    44.40       7 17    44.35       5 17    43.76       4 17    42.92       9 17    42.25
  19   18    8       6 18    46.74       8 18    46.59       9 18    46.35       5 18    45.81       4 18    45.81       7 18    45.68
  19   19    8       5 19    49.47       6 19    48.91       8 19    48.25       7 19    48.13       9 19    47.88       4 19    47.30
  19   20    8       8 20    53.22       6 20    52.75       5 20    52.62       7 20    52.43       9 20    51.65       4 20    51.19
  19   21    8       5 21    54.29       6 21    54.17       8 21    54.04       4 21    53.72       9 21    52.83       7 21    52.78
  19   22    8       8 22    57.56       6 22    57.45       5 22    57.39       7 22    57.26       9 22    56.42       4 22    55.56
  19   23    8       8 23    60.22       6 23    59.46       5 23    59.12       4 23    58.80       7 23    58.52       9 23    57.86
  19   24    8       6 24    66.81       9 24    66.23       8 24    65.86       7 24    65.64       4 24    65.20       5 24    64.73       3 24    64.50
  19   25    8       5 25    54.28       4 25    53.44       6 25    51.95
  19   26    8       4 26    55.84       5 26    55.06       6 26    54.82       7 26    54.73       3 26    53.73      10 13    53.37      11 13    53.10       4 13    53.05
  19   27    8       6 27    56.51       5 27    55.94       4 27    55.79       3 27    55.18       7 27    54.00
  19   28    8       6 28    61.50       5 28    60.96       4 28    60.86       7 28    59.32
  19   29    8       5 29    60.89       4 29    60.22       6 29    59.81       3 29    58.67       7 29    58.22
  19   30    8       5 30    64.50       4 30    64.31       6 30    62.86       7 30    61.50       3 30    61.49
  19   31    8       6 31    66.48       4 31    66.12       5 31    65.99       3 31    63.88
  19   32    8       6 32    72.35       3 32    71.36       4 32    70.87       5 32    70.86       7 32    69.06
  20    1    8      20  1     5.60
  20    2    8      20  2    11.20
  20    3    8      20  3    16.73
  20    4    8      20  4    22.29
  20    5    8      20  5    27.82
  20    6    8      20  6    33.54
  20    7    8      20  7    37.06      10  7    36.82
  20    8    8      10  8    44.45      20  8    44.28       5  8    44.09       4  8    42.59
  20    9    8      10  9    32.62       4  9    32.08       5  9    31.62
  20   10    8      10 10    36.17       4 10    35.53
  20   11    8       4 11    39.71       5 11    38.79      10 11    38.41
  20   12    8       4 12    45.57      10 12    44.87       5 12    43.30
  20   13    8      10 13    48.78       4 13    48.59       5 13    47.01
  20   14    8       4 14    52.98      10 14    52.86       5 14    50.66
  20   15    8       4 15    56.12       5 15    54.08
  20   16    8       4 16    63.05      10 16    62.06       5 16    60.32
  20   17    8       5 17    48.89       4 17    47.95
  20   18    8       4 18    51.34       5 18    51.30
  20   19    8       5 19    55.31       4 19    52.86
  20   20    8       5 20    58.84       4 20    57.42
  20   21    8       5 21    60.87       4 21    60.08
  20   22    8       5 22    64.18       4 22    62.31
  20   23    8       5 23    66.03       4 23    65.94      10 23    62.74
  20   24    8       4 24    72.33       5 24    70.38      10 24    69.44
  20   25    8       4 25    56.05       4 14    53.58       4 13    53.56       4 15    53.44       5 25    53.36
  20   26    8       4 26    59.86       5 26    59.04
  20   27    8       4 27    62.63       5 27    62.11
  20   28    8       5 28    67.37       4 28    67.17
  20   29    8       5 29    68.43       4 29    67.41
  20   30    8       5 30    71.38       4 30    70.91
  20   31    8       5 31    74.02       4 31    73.39
  20   32    8       5 32    78.28       4 32    77.70      10 16    75.30
  21    1    8      21  1     5.67
  21    2    8      21  2    11.37
  21    3    8      21  3    17.07
  21    4    8      21  4    22.61
  21    5    8      21  5    28.46
  21    6    8      21  6    32.74
  21    7    8      21  7    39.11
  21    8    8      21  8    44.45       7  8    43.12
  21    9    8       7  9    32.09
  21   10    8       7 10    35.79       3 10    34.64
  21   11    8       7 11    39.30       3 11    38.44       9 11    37.64      10 11    37.55
  21   12    8       7 12    45.13       3 12    43.89
  21   13    8       7 13    49.75
  21   14    8       7 14    54.56
  21   15    8       7 15    57.54
  21   16    8       7 16    62.05       3 16    61.29
  21   17    8       3 17    46.02       7 17    45.26       8 17    43.98
  21   18    8       7 18    51.73       3 18    50.13
  21   19    8       7 19    55.60
  21   20    8       7 20    60.06
  21   21    8       7 21    61.01
  21   22    8       7 22    66.05
  21   23    8       7 23    66.69
  21   24    8       7 24    73.76       3 24    71.73
  21   25    8       3 25    56.17       5 25    54.70       4 25    54.25       7 25    54.25       6 25    53.66
  21   26    8       3 26    59.08
  21   27    8       3 27    62.27       7 27    60.65       6 27    60.14
  21   28    8       7 28    65.77       3 28    64.27       6 28    63.58
  21   29    8       7 29    66.10
  21   30    8       7 30    63.75       7 15    63.47       7 16    61.44       8 15    61.18       3 30    60.93       6 30    60.84      12 15    60.71
  21   31    8       3 31    70.80       7 31    69.82       6 31    69.07       5 31    67.79       4 31    67.62
  21   32    8       3 32    77.52       7 32    75.31       5 32    74.33       6 32    73.85
  22    1    8      22  1     5.81
  22    2    8      22  2    11.58
  22    3    8      22  3    17.33
  22    4    8      22  4    23.23
  22    5    8      22  5    28.96
  22    6    8      22  6    33.85      11  6    32.62
  22    7    8      11  7    38.26      22  7    38.11
  22    8    8      11  8    45.70      22  8    44.39
  22    9    8      11  9    33.31
  22   10    8      11 10    38.05
  22   11    8      11 11    42.57
  22   12    8      11 12    47.40
  22   13    8      11 13    47.76       9 13    46.46      10 13    46.18
  22   14    8      11 14    53.71
  22   15    8      11 15    56.42
  22   16    8      11 16    63.96
  22   17    8       6 17    47.02       7 17    46.25       5 17    45.69       4 17    45.12       9 17    45.10
  22   18    8       6 18    49.23       8 18    48.83       9 18    48.80       4 18    48.26       5 18    48.16       7 18    47.25
  22   19    8       6 19    52.08       5 19    51.74       8 19    51.10       7 19    50.69       9 19    50.22       4 19    49.83
  22   20    8       8 20    55.52       6 20    55.51       9 20    55.39       5 20    55.34       7 20    55.10       4 20    54.11       2 20    53.41
  22   21    8       6 21    57.67       8 21    57.00       5 21    56.73       4 21    56.19       9 21    55.30       7 21    55.18
  22   22    8       6 22    60.77       5 22    60.06       7 22    59.80       4 22    58.59
  22   23    8       6 23    63.40       8 23    62.87       5 23    61.81       4 23    61.75       7 23    61.40       9 23    60.41
  22   24    8       7 24    69.04       6 24    68.83       8 24    68.60       9 24    68.50       4 24    67.64       3 24    67.57       5 24    66.43      10 24    66.14       2 24    65.76
  22   25    8       5 25    56.67       4 25    55.90       6 25    54.81
  22   26    8       6 26    57.62      11 13    57.23       4 26    56.41      11 14    55.98      11 16    55.72       5 26    55.70      11 15    55.26
  22   27    8       6 27    60.84       4 27    58.86       5 27    58.67
  22   28    8       6 28    64.25       4 28    63.77       5 28    63.59      11 14    63.47       2 28    62.32      11 16    62.30      11 15    61.47
  22   29    8       4 29    61.99      11 16    61.02      11 15    60.37       5 29    60.00
  22   30    8       5 30    65.35       4 30    65.03       6 30    64.44      11 15    64.24      11 16    62.28
  22   31    8       5 31    69.40       4 31    69.38       6 31    68.57
  22   32    8       5 32    75.04      11 16    74.94       4 32    73.59       6 32    73.16       3 32    72.71       2 32    72.53
  23    1    8      23  1     5.84
  23    2    8      23  2    11.79
  23    3    8      23  3    17.68
  23    4    8      23  4    23.46
  23    5    8      23  5    28.44
  23    6    8      23  6    33.88
  23    7    8      23  7    37.05      12  7    35.39
  23    8    8      23  8    45.14
  23    9    8      11  9    30.95      10  9    30.55      12  9    30.14       4  9    30.13       9  9    30.07       8  9    29.98       6  9    29.96      13  9    29.78       7  9    29.68       5  9    29.65
  23   10    8      10 10    35.31       4 10    35.08      11 10    35.05       7 10    34.35       8 10    34.31      12 10    34.13       5 10    33.69       9 10    33.58
  23   11    8      10 11    39.81       4 11    39.16       9 11    38.69      11 11    38.63       6 11    37.90       8 11    37.87
  23   12    8      10 12    43.88       4 12    43.61      11 12    43.39      13 12    42.87       9 12    42.75       7 12    42.45       8 12    42.29       5 12    42.10      12 12    41.90
  23   13    8      10 13    47.44       9 13    46.63       7 13    46.25       8 13    46.01       4 13    45.78      12 13    45.38
  23   14    8      10 14    51.14       7 14    50.59       4 14    50.25       9 14    50.09       8 14    50.03      12 14    49.64       6 14    49.01       5 14    48.91      11 14    48.67
  23   15    8       8 15    53.78       4 15    53.41       9 15    53.23       7 15    53.14      13 15    52.58       6 15    52.58      12 15    51.86       5 15    51.84      14 15    51.34      11 15    51.19
  23   16    8       6 16    59.08       4 16    58.93      10 16    58.81      11 16    58.61      23  8    58.34       9 16    57.93      13 16    57.51       7 16    57.45      12 16    57.36      14 16    57.15       8 16    57.09       5 16    57.05       3 16    56.56      15 16    56.37
  23   17    8       4 17    45.31       5 17    45.03       8 17    44.80       3 17    43.76       6 17    43.46       7 17    43.30
  23   18    8       6 18    50.16       9 18    49.38       8 18    49.17       5 18    48.63       7 18    48.59       4 18    48.54
  23   19    8       6 19    52.99       5 19    52.31       7 19    51.78       8 19    51.61       9 19    50.35
  23   20    8       7 20    56.42       6 20    56.25       8 20    56.11       9 20    56.07       5 20    55.77       4 20    54.30       3 20    53.85
  23   21    8       6 21    58.76       5 21    57.49       8 21    57.42       4 21    56.89       7 21    56.70       9 21    55.97
  23   22    8       6 22    61.73       7 22    61.45       9 22    61.42       8 22    61.00       5 22    60.61       4 22    59.08
  23   23    8       6 23    62.76       7 23    61.76       5 23    61.57       4 23    61.28       8 23    60.81       9 23    59.73
  23   24    8       6 24    70.33       7 24    69.76       4 24    69.59       9 24    69.52       8 24    68.48       3 24    68.04       5 24    67.66      10 24    66.97
  23   25    8       5 25    56.93       4 25    56.34       6 25    55.26
  23   26    8       6 26    58.09       4 26    56.36       3 26    55.82       5 26    55.58       7 26    55.31
  23   27    8       6 27    61.20       4 27    58.87       5 27    58.57
  23   28    8       6 28    64.40       5 28    64.19       4 28    64.08       7 28    62.21       3 28    62.01
  23   29    8       5 29    62.94       4 29    62.53       6 29    62.37       7 29    60.16
  23   30    8       4 30    65.64       5 30    65.60       6 30    65.00
  23   31    8       5 31    68.81       4 31    68.81       6 31    67.93       3 31    66.00
  23   32    8       3 32    73.92       5 32    73.87       6 32    73.46       4 32    73.26       7 32    71.76      10 16    71.10      11 16    70.81       2 32    70.69      13 16    70.36
  24    1    8      24  1     5.95
  24    2    8      24  2    11.89
  24    3    8      24  3    17.89
  24    4    8      24  4    23.75      12  4    22.60
  24    5    8      12  5    28.25      24  5    27.84       8  5    27.23
  24    6    8      24  6    35.12      12  6    33.90
  24    7    8      12  7    39.32       8  7    38.37
  24    8    8      12  8    46.90       8  8    45.73       6  8    45.59      24  8    45.55       4  8    44.63
  24    9    8       4  9    34.77       8  9    33.14
  24   10    8       4 10    40.21      12 10    39.63       8 10    38.38       6 10    38.21
  24   11    8       8 11    43.68       4 11    43.64       6 11    42.51
  24   12    8       8 12    48.80       4 12    48.31       6 12    46.55
  24   13    8       8 13    52.98       4 13    51.10
  24   14    8       8 14    57.28      12 14    56.24       4 14    56.17       6 14    55.09
  24   15    8       8 15    60.72       4 15    59.54      12 15    59.23       6 15    59.13
  24   16    8      12 16    66.31       4 16    65.64       8 16    65.07       6 16    64.74       3 16    63.10
  24   17    8       6 17    53.03       8 17    50.91
  24   18    8       8 18    55.36       4 18    53.47
  24   19    8       6 19    58.71       8 19    58.13
  24   20    8       8 20    63.25       6 20    62.44
  24   21    8       6 21    65.13       8 21    64.56       4 21    62.60
  24   22    8       6 22    66.38       8 22    65.64       4 22    64.03
  24   23    8       6 23    69.56       8 23    68.73       4 23    67.72
  24   24    8       6 24    76.50       8 24    75.98       4 24    75.12       3 24    74.29
  24   25    8       4 25    61.10       6 25    60.58
  24   26    8       6 26    63.97
  24   27    8       6 27    64.61
  24   28    8       6 28    70.02       4 28    67.15
  24   29    8       4 29    64.40       8 15    63.09       5 29    62.51       4 15    62.47       4 16    61.54
  24   30    8       4 30    68.64       6 30    67.95       8 15    66.20      12 15    65.95       5 30    65.91
  24   31    8       4 31    72.31       6 31    71.66       5 31    69.64       3 31    69.18
  24   32    8       4 32    79.35       6 32    79.29       3 32    78.27      12 16    77.06       2 32    75.61
  25    1    8      25  1     6.09
  25    2    8      25  2    12.07
  25    3    8      25  3    18.09
  25    4    8      25  4    24.16
  25    5    8      25  5    28.31
  25    6    8      25  6    34.37
  25    7    8      25  7    37.66      13  7    35.95
  25    8    8       5  8    46.16      25  8    45.57
  25    9    8       5  9    33.92      11  9    32.31       4  9    32.26
  25   10    8       5 10    38.50      11 10    36.59
  25   11    8       5 11    42.13      10 11    40.86      11 11    40.60
  25   12    8       5 12    45.90      11 12    44.80       8 12    44.53      10 12    44.33      13 12    44.26       9 12    43.88       7 12    43.84
  25   13    8       5 13    49.93       7 13    48.60      10 13    48.52       8 13    48.09       9 13    48.08
  25   14    8       5 14    53.91       7 14    52.72      10 14    52.19       8 14    52.15       9 14    51.68      11 14    51.53
  25   15    8       5 15    57.54       8 15    55.60       7 15    55.60       9 15    54.83
  25   16    8       5 16    64.47
  25   17    8       5 17    51.62
  25   18    8       5 18    54.25
  25   19    8       5 19    58.25
  25   20    8       5 20    62.08
  25   21    8       5 21    59.95       7 21    58.42       4 21    57.59       8 21    57.52
  25   22    8       5 22    66.72
  25   23    8       5 23    69.13
  25   24    8       5 24    75.10       8 24    71.98       6 24    71.38
  25   25    8       5 25    62.87
  25   26    8       5 26    58.54       6 26    57.17       7 26    56.10
  25   27    8       3 27    56.49       6 27    54.92       5 16    54.21       5 27    53.84       7 27    53.73
  25   28    8       4 28    62.80       5 28    62.27       7 28    62.20       5 14    62.07       6 28    61.28       3 28    60.47       2 28    60.45
  25   29    8       5 29    65.78
  25   30    8       5 30    68.79
  25   31    8       5 31    73.37
  25   32    8       5 32    80.64
  26    1    8      26  1     6.08
  26    2    8      26  2    12.25
  26    3    8      26  3    18.48
  26    4    8      26  4    24.57
  26    5    8      26  5    28.99      13  5    28.93
  26    6    8      26  6    34.77      13  6    34.76
  26    7    8      13  7    39.82      26  7    38.52
  26    8    8      13  8    47.10      26  8    45.88
  26    9    8       4  9    32.87      13  9    31.94      10  9    31.64       9  9    31.62       8  9    31.59       5  9    31.58      11  9    31.41       6  9    31.39
  26   10    8      13 10    37.20      11 10    37.20      12 10    37.12       4 10    37.04      10 10    36.57       6 10    36.30       8 10    36.26       7 10    35.85       9 10    35.60       5 10    35.40
  26   11    8      10 11    41.32      11 11    41.13      13 11    41.02       8 11    40.82       4 11    40.64       9 11    40.63       6 11    39.76
  26   12    8      13 12    48.62
  26   13    8      13 13    53.18
  26   14    8      13 14    58.67
  26   15    8      13 15    63.00
  26   16    8      13 16    68.50
  26   17    8       6 17    49.50       7 17    49.22       8 17    47.75       5 17    47.55       4 17    47.37       9 17    47.10
  26   18    8       6 18    52.07       8 18    51.92       9 18    51.26       4 18    50.53       7 18    50.53       5 18    50.19
  26   19    8       6 19    54.75       7 19    54.19       8 19    53.97       5 19    53.63       9 19    52.18       4 19    52.14
  26   20    8       8 20    58.63       6 20    58.24       7 20    57.18       5 20    57.02       9 20    56.06       4 20    55.89
  26   21    8       6 21    60.79       8 21    59.86       7 21    59.31       5 21    58.96       4 21    58.83       9 21    58.43
  26   22    8       7 22    63.38       6 22    61.62       9 22    61.61       8 22    61.43       5 22    60.74
  26   23    8       7 23    65.96       6 23    64.27       8 23    63.74       4 23    63.16       9 23    62.96
  26   24    8       8 24    72.03       7 24    71.93       6 24    71.82       9 24    71.25       4 24    71.24       5 24    71.09       3 24    70.49       2 24    69.99      10 24    68.75
  26   25    8       4 25    56.15       5 25    56.06       6 25    55.31
  26   26    8      13 13    58.17       6 26    57.99      13 14    57.23      13 16    56.81       4 26    56.08       9 13    55.74       7 26    55.53
  26   27    8       6 27    59.32       4 27    57.77       3 27    57.65      13 14    56.83       5 27    56.54
  26   28    8       6 28    64.06       4 28    63.83       2 28    63.43      13 14    62.87      13 16    62.53       5 28    62.39       7 28    62.00       3 28    61.30       9 14    60.87
  26   29    8       5 29    62.66       6 29    61.64       4 29    61.00      13 15    60.62       7 29    60.42      13 16    60.25
  26   30    8      13 15    68.59       4 30    66.39      13 16    65.96       6 30    65.68       5 30    65.67
  26   31    8      13 16    68.12       6 31    67.53       5 31    65.23       3 31    65.04
  26   32    8      13 16    78.50       5 32    77.03       2 32    76.83       4 32    76.60       3 32    75.73
  27    1    8      27  1     6.22
  27    2    8      27  2    12.45
  27    3    8      27  3    18.67
  27    4    8      27  4    24.74
  27    5    8      27  5    28.72       9  5    28.51
  27    6    8       9  6    34.18      27  6    33.06
  27    7    8      12  7    35.23      11  7    34.92       8  7    34.64      10  7    34.61      21  7    34.43       6  7    34.14      27  7    34.13       7  7    33.95       9  7    33.87
  27    8    8       9  8    47.05      27  8    46.51
  27    9    8       9  9    34.61       3  9    33.57       4  9    33.54      12  9    33.50      13  9    33.00      11  9    32.92
  27   10    8       9 10    41.64
  27   11    8       9 11    45.61
  27   12    8       9 12    50.25
  27   13    8       9 13    55.11
  27   14    8       9 14    58.33
  27   15    8       9 15    62.95
  27   16    8       9 16    70.16
  27   17    8       9 17    52.25       6 17    49.84
  27   18    8       9 18    57.25
  27   19    8       9 19    55.98       6 19    53.89       5 19    53.70       3 19    53.34
  27   20    8       9 20    62.53       3 20    59.56       8 20    59.42
  27   21    8       9 21    63.13       7 21    59.98
  27   22    8       9 22    68.97
  27   23    8       9 23    71.39
  27   24    8       9 24    79.32
  27   25    8       5 25    57.17       4 25    56.85       6 25    55.31       9 15    54.62
  27   26    8       6 26    59.08       3 26    57.59       9 13    57.28       9 24    56.68       9 14    56.62       9 22    56.48
  27   27    8       3 27    60.00       9 21    59.26       9 19    59.21       9 23    59.07       9 20    58.95       9 22    58.88       9 24    58.68       9 14    58.44       9 15    58.38       6 27    58.35       5 27    57.66       4 27    57.53       9 16    57.26
  27   28    8       9 14    66.96       6 28    65.60       3 28    64.69       9 16    64.59       4 28    64.27       9 15    64.17       5 28    64.10
  27   29    8       5 29    64.21       6 29    62.40       3 29    61.94       4 29    61.89       9 15    61.28
  27   30    8       5 30    66.98       4 30    66.90       6 30    66.12       3 30    65.56       7 30    64.80       8 15    64.32
  27   31    8       3 31    71.55       5 31    70.74       4 31    70.23       6 31    69.91
  27   32    8       9 16    78.62       3 32    78.18       5 32    77.67       6 32    76.96       4 32    76.63
  28    1    8      28  1     6.24
  28    2    8      28  2    12.51
  28    3    8      28  3    18.81      14  3    17.89
  28    4    8      28  4    24.53      14  4    24.07       7  4    23.60
  28    5    8      28  5    30.26      14  5    29.67
  28    6    8      14  6    35.33       7  6    34.21      28  6    33.84
  28    7    8      14  7    40.45      28  7    40.31       7  7    39.27
  28    8    8      14  8    49.07       7  8    48.78       4  8    47.56      28  8    47.48
  28    9    8       4  9    36.67       7  9    36.10
  28   10    8       4 10    41.70       7 10    41.44
  28   11    8       4 11    45.17      14 11    43.98       7 11    43.94
  28   12    8       4 12    50.28       7 12    49.69      14 12    48.88
  28   13    8       7 13    54.67       4 13    53.64
  28   14    8       7 14    59.26       4 14    58.69      14 14    57.08
  28   15    8       7 15    62.71       4 15    62.05      14 15    61.29
  28   16    8      14 16    69.01       4 16    68.34
  28   17    8       7 17    54.52       4 17    51.98
  28   18    8       7 18    56.10       4 18    55.54
  28   19    8       4 19    56.64
  28   20    8       7 20    63.41       4 20    61.48       8 20    60.29
  28   21    8       7 21    65.78       4 21    64.89
  28   22    8       7 22    70.01
  28   23    8       7 23    73.08
  28   24    8       7 24    79.35       4 24    76.66
  28   25    8       4 25    58.90       5 25    57.83
  28   26    8       6 26    58.94       4 26    58.70       4 13    57.58       7 26    56.88       7 13    56.73       4 16    56.46       4 14    56.37       4 15    56.05
  28   27    8       4 27    61.15       7 27    59.38       6 27    59.01       5 27    58.11
  28   28    8       4 28    68.40       6 28    66.43       4 14    65.53       7 28    65.52
  28   29    8       4 29    66.11       7 29    65.22       5 29    64.61       7 16    63.94      14 16    63.46       7 15    63.04       4 15    62.81
  28   30    8       4 30    71.49      14 15    68.27       7 30    68.18
  28   31    8       4 16    69.38       4 31    69.37       6 31    69.02       5 31    68.98       7 31    67.41       3 31    67.34       7 16    66.03
  28   32    8       4 32    82.27      14 16    79.19       7 32    78.61       2 32    78.28
  29    1    8      29  1     6.28
  29    2    8      29  2    12.60
  29    3    8      29  3    18.97
  29    4    8      29  4    24.63
  29    5    8      29  5    29.12
  29    6    8      29  6    34.25
  29    7    8      29  7    40.45
  29    8    8      29  8    48.17
  29    9    8      13  9    34.29      12  9    34.07      11  9    33.86       4  9    33.67      10  9    33.09       5  9    33.09       7  9    33.09       6  9    32.80       9  9    32.70
  29   10    8       9 10    38.70      12 10    38.45       7 10    38.07      10 10    38.04       4 10    38.02      11 10    37.85       8 10    37.73       6 10    37.61       5 10    37.20
  29   11    8      10 11    42.89      11 11    42.29       9 11    42.21       8 11    41.88       4 11    41.56       6 11    41.18
  29   12    8      10 12    47.17      11 12    46.99       9 12    46.96       8 12    46.83       4 12    46.58      13 12    46.40       7 12    45.80      12 12    45.24       6 12    45.19       5 12    45.08      14 12    45.07
  29   13    8      10 13    51.07       9 13    50.83       8 13    50.61       7 13    49.90       4 13    49.44      13 13    49.25
  29   14    8      10 14    55.17       8 14    54.78       7 14    54.24       9 14    54.14       4 14    53.95      13 14    53.94      11 14    53.36      12 14    52.93       6 14    52.65
  29   15    8       8 15    58.79       9 15    58.00      13 15    57.72       4 15    57.22       7 15    57.22       6 15    57.17
  29   16    8       9 16    65.29      13 16    64.27      14 16    64.03      12 16    63.33       4 16    63.24      11 16    63.10      10 16    62.90       8 16    62.44       5 16    62.17
  29   17    8       7 17    50.44       6 17    50.29       5 17    49.53       8 17    49.24       9 17    48.57       4 17    48.01
  29   18    8       8 18    53.56       9 18    53.26       6 18    53.14       5 18    52.05       7 18    52.01       4 18    51.67
  29   19    8       6 19    55.47       5 19    55.46       8 19    55.04       7 19    54.06       9 19    52.72
  29   20    8       8 20    60.94       6 20    60.22       5 20    59.46       7 20    58.35       9 20    58.02
  29   21    8       6 21    61.93       5 21    61.57       8 21    61.50       9 21    60.83       7 21    60.06       4 21    59.82
  29   22    8       9 22    63.55       5 22    62.70       6 22    62.69       8 22    62.44       7 22    62.26
  29   23    8       9 23    64.41       5 23    64.31       6 23    64.16       7 23    63.99       8 23    63.43
  29   24    8       7 24    74.18       9 24    74.04       6 24    72.55       4 24    72.37       8 24    71.84       5 24    71.23       3 24    71.04
  29   25    8       5 25    53.86       6 25    53.58       4 25    53.45       3 25    51.92
  29   26    8       6 26    59.50
  29   27    8       6 27    60.05       3 27    58.88       5 27    58.85       4 27    58.14
  29   28    8       6 28    66.96       4 28    65.09       5 28    64.85
  29   29    8       4 29    62.94       3 29    60.21
  29   30    8       5 30    68.15       4 30    67.55       6 30    67.00       8 15    65.67
  29   31    8       5 31    71.35       4 31    69.60
  29   32    8       4 32    78.74       5 32    78.30       6 32    75.09      12 16    74.88       3 32    74.83
  30    1    8      30  1     6.33
  30    2    8      30  2    12.79
  30    3    8      30  3    19.10      15  3    18.27
  30    4    8      15  4    24.80      30  4    24.79      10  4    24.29       6  4    23.68
  30    5    8      15  5    30.20      10  5    29.06
  30    6    8      30  6    35.83      15  6    35.61      10  6    34.52
  30    7    8      30  7    40.13      15  7    39.81      10  7    39.81
  30    8    8       5  8    51.11      10  8    50.85       6  8    50.55      15  8    50.25      30  8    49.34
  30    9    8      10  9    37.86       5  9    36.18
  30   10    8      10 10    42.87       6 10    41.03
  30   11    8      10 11    47.44       6 11    45.30
  30   12    8      10 12    52.16       5 12    49.56
  30   13    8       5 13    52.86       6 13    52.41      10 13    52.04       8 13    50.99       7 13    50.76       3 13    50.23
  30   14    8      10 14    61.07       6 14    58.47
  30   15    8       6 15    62.78      10 15    61.71       5 15    60.99      15 15    59.68
  30   16    8      10 16    71.32       5 16    69.60       6 16    68.38
  30   17    8       6 17    53.43       5 17    52.00
  30   18    8       6 18    57.94       5 18    56.56
  30   19    8       6 19    61.07       5 19    60.01
  30   20    8       6 20    65.11       5 20    64.19
  30   21    8       6 21    68.10       5 21    65.37
  30   22    8       6 22    65.05       5 22    64.77       9 22    64.11      10 22    63.86       7 22    63.85       8 22    62.71
  30   23    8       6 23    66.98       5 23    66.51       9 23    65.36       7 23    65.35       8 23    64.65      10 23    63.75
  30   24    8       6 24    77.16       5 24    75.68      10 24    74.08       7 24    74.03       9 24    73.82       8 24    73.63
  30   25    8       5 25    60.01       6 25    59.37
  30   26    8       6 26    62.91
  30   27    8       6 27    64.11       3 27    62.54       5 27    61.93
  30   28    8       6 28    67.70       5 28    64.88       6 14    64.73      10 14    64.58
  30   29    8       5 29    70.04       6 29    68.08
  30   30    8       6 30    72.41       5 30    72.17       4 30    68.89
  30   31    8       6 31    76.63       5 31    76.26       3 31    73.23
  30   32    8       6 32    83.78       5 32    83.77       3 32    80.29       4 32    79.76
  31    1    8      18  1     5.67      17  1     5.65      16  1     5.61      29  1     5.60      28  1     5.58      19  1     5.57      20  1     5.53      22  1     5.50      30  1     5.49      27  1     5.48      25  1     5.46      23  1     5.45      24  1     5.44      14  1     5.44      21  1     5.44      26  1     5.39
  31    2    8      17  2    11.38      16  2    11.37      19  2    11.35      28  2    11.34      29  2    11.31      18  2    11.29      30  2    11.18      22  2    11.16      20  2    11.12      27  2    11.06      23  2    11.04      24  2    11.02      26  2    10.96      21  2    10.93      25  2    10.87
  31    3    8      17  3    16.96      16  3    16.95      29  3    16.88      30  3    16.76      28  3    16.74      19  3    16.74      18  3    16.71      14  3    16.63      22  3    16.58      21  3    16.53      20  3    16.51      27  3    16.43      11  3    16.39      12  3    16.38      24  3    16.34      15  3    16.30      23  3    16.28      13  3    16.26      26  3    16.16       8  3    16.13
  31    4    8      16  4    23.08      20  4    23.00      19  4    22.99      18  4    22.95      17  4    22.93      22  4    22.91      21  4    22.74      24  4    22.68      27  4    22.64      23  4    22.58      26  4    22.49      25  4    22.38       9  4    22.34      28  4    22.27      14  4    22.26      29  4    22.23       7  4    22.18      11  4    22.17      12  4    22.12      15  4    22.06       8  4    22.01      30  4    21.98
  31    5    8      17  5    27.80      18  5    27.47      14  5    27.33      20  5    27.32      21  5    27.31      19  5    27.26      22  5    27.17      16  5    27.12      11  5    27.02       7  5    26.98      13  5    26.93      12  5    26.91       8  5    26.74       9  5    26.60
  31    6    8      16  6    32.50      11  6    32.48      14  6    32.42      17  6    32.36      18  6    32.31      12  6    32.21       9  6    32.17      20  6    32.05      19  6    32.03      13  6    31.91       8  6    31.86      15  6    31.63      24  6    31.48      22  6    31.43       7  6    31.41      30  6    31.17      23  6    30.93
  31    7    8      15  7    37.47      16  7    37.33       9  7    37.23      14  7    37.22       8  7    37.09      12  7    37.04      11  7    36.90      29  7    36.86      28  7    36.81      17  7    36.80       7  7    36.79      10  7    36.67      30  7    36.60      13  7    36.43      21  7    36.34      27  7    35.92       6  7    35.85
  31    8    8      14  8    46.36      20  8    46.21      12  8    46.12       6  8    46.00       7  8    45.92      10  8    45.89      19  8    45.86      21  8    45.78      16  8    45.75      13  8    45.72       5  8    45.71      15  8    45.54      17  8    45.43      18  8    45.31      11  8    45.23       8  8    45.14      27  8    44.97       9  8    44.97      26  8    44.96      24  8    44.90      28  8    44.87      29  8    44.71       4  8    44.65      23  8    44.53      22  8    44.50      30  8    44.46      25  8    44.21
  31    9    8      10  9    35.15       4  9    34.94      13  9    34.94      12  9    34.81      11  9    34.74       7  9    34.58       8  9    33.68       9  9    33.45
  31   10    8       7 10    39.63       9 10    39.60      10 10    39.49      12 10    39.40       4 10    39.25      11 10    39.00       8 10    38.18       6 10    37.98
  31   11    8       9 11    43.59       4 11    43.24       8 11    43.08      10 11    42.15       7 11    41.95       6 11    41.85
  31   12    8      11 12    48.40       9 12    48.15      10 12    48.07       4 12    47.85       8 12    47.64       7 12    47.10      13 12    47.02      14 12    46.50      12 12    46.18
  31   13    8       9 13    52.75       7 13    51.61       8 13    51.52      10 13    51.46       4 13    51.05
  31   14    8      10 14    55.94       7 14    55.83       4 14    55.60      11 14    54.90      13 14    54.29      12 14    54.20       6 14    53.92       8 14    53.63
  31   15    8       9 15    60.23       8 15    59.74       7 15    59.26       4 15    59.21      13 15    58.04       6 15    57.72
  31   16    8       9 16    66.65      10 16    65.69      13 16    65.30      14 16    65.08       4 16    64.67      11 16    64.46      12 16    64.37      15 16    64.03       5 16    64.02       6 16    63.74       8 16    63.60
  31   17    8       7 17    49.00       6 17    48.89       5 17    47.66       4 17    47.04
  31   18    8       9 18    54.05       8 18    53.85       6 18    53.78       7 18    53.36       4 18    52.69       5 18    52.50
  31   19    8       8 19    55.64       6 19    55.46       7 19    55.13       5 19    54.79       9 19    53.16       4 19    52.90
  31   20    8       8 20    61.23       7 20    59.30       6 20    59.18       5 20    58.49       9 20    58.48
  31   21    8       6 21    63.02       7 21    62.33       8 21    61.97       4 21    61.56       9 21    61.22       5 21    60.44
  31   22    8       7 22    64.39       9 22    63.69       8 22    62.91
  31   23    8       7 23    65.85       9 23    64.16
  31   24    8       7 24    74.50       9 24    74.25       6 24    73.85       3 24    73.33       4 24    73.20       5 24    72.94       8 24    72.35      10 24    71.07
  31   25    8       4 25    55.11       6 25    54.14       5 25    53.02
  31   26    8       6 26    59.65       4 26    57.53
  31   27    8       6 27    60.30       4 27    59.75       3 27    59.01       5 27    58.37       7 27    58.04
  31   28    8       6 28    67.82       4 28    66.24       5 28    65.37       7 28    64.58       9 14    64.55
  31   29    8       5 29    65.64       4 29    64.75       6 29    63.93       7 29    63.17
  31   30    8       4 30    69.15       5 30    68.59       6 30    68.21       8 15    66.33       7 30    65.88
  31   31    8       4 31    72.68       6 31    71.63       5 31    71.62       3 31    69.25
  31   32    8       5 32    80.57       6 32    80.37       4 32    79.24       3 32    77.31
  32    1    8      16  1     6.18
  32    2    8      16  2    12.37       8  2    12.15
  32    3    8      16  3    18.65       8  3    18.01
  32    4    8      16  4    25.43       8  4    25.01
  32    5    8      16  5    31.09       8  5    30.63
  32    6    8      16  6    36.29       8  6    35.61
  32    7    8       8  7    41.90      16  7    41.84
  32    8    8       8  8    52.12      16  8    51.98       4  8    50.16
  32    9    8       4  9    38.30       8  9    37.88
  32   10    8       8 10    42.96       4 10    42.79
  32   11    8       8 11    48.00       4 11    46.78
  32   12    8       8 12    53.30       4 12    51.87
  32   13    8       8 13    57.57       4 13    55.56
  32   14    8       8 14    62.07       4 14    60.60
  32   15    8       8 15    66.50       4 15    64.36
  32   16    8       4 16    71.14       8 16    68.90
  32   17    8       4 17    50.64       8 17    50.35
  32   18    8       8 18    59.07       4 18    56.71
  32   19    8       8 19    61.38
  32   20    8       8 20    66.74
  32   21    8       8 21    66.32       4 21    64.44       6 21    63.43
  32   22    8       8 22    65.06       7 22    64.74       9 22    63.84       4 22    62.00
  32   23    8       7 23    64.31       4 23    64.06       9 23    62.14       8 23    61.54       6 23    61.30
  32   24    8       4 24    77.24       9 24    73.83
  32   25    8       4 25    61.03       5 25    58.37
  32   26    8       8 13    61.62       4 26    59.90       4 13    59.48       6 26    59.48       8 14    59.06       8 15    58.77       4 14    58.56
  32   27    8       4 27    63.37       8 15    61.46       6 27    61.41       8 14    61.16       8 16    60.91
  32   28    8       4 28    70.48       6 28    68.82       8 14    67.48
  32   29    8       4 29    69.29       8 15    67.07       5 29    66.50
  32   30    8       4 30    73.79
  32   31    8       4 31    77.35
  32   32    8       4 32    83.53       5 32    81.09       6 32    81.00
(16,16*16)T(16,n) 32
 256    1   16      21  1     7.29      18  1     7.24      19  1     7.24      17  1     7.24      20  1     7.18      13  1     7.15      14  1     7.13      22  1     7.13      15  1     7.11      27  1     7.09      23  1     7.08      25  1     7.08      12  1     7.07      28  1     7.07      26  1     7.06      16  1     7.03      29  1     6.98
 256    2   16       9  2    15.44      13  2    15.43       7  2    15.40      11  2    15.23      10  2    15.21      12  2    15.16      14  2    15.05       6  2    14.96      15  2    14.89
 256    3   16      13  3    22.24      11  3    21.90      10  3    21.82       7  3    21.61       9  3    21.57       8  3    21.40       6  3    21.23
 256    4   16       9  4    29.58      13  4    29.30      14  4    29.29      11  4    29.07      12  4    29.04      10  4    29.04       7  4    28.85       6  4    28.57      15  4    28.54       8  4    28.39      17  4    28.23       5  4    28.19
 256    5   16       9  5    34.82      10  5    34.78      11  5    34.58       7  5    34.32       8  5    33.70      15  5    33.47       6  5    33.41      14  5    33.21      12  5    33.12
 256    6   16       9  6    41.71      11  6    41.47      13  6    41.34      10  6    41.33      14  6    41.24      12  6    40.94       7  6    40.75      17  6    40.62      15  6    40.60       8  6    40.31       6  6    40.07       5  6    40.01      16  6    39.90
 256    7   16       9  7    47.36      11  7    46.58      14  7    46.56       7  7    46.56      12  7    46.40      10  7    46.26       8  7    46.22      13  7    46.17      18  7    45.72       6  7    45.41      16  7    45.15      17  7    45.04
 256    8   16       9  8    58.05       7  8    57.97       6  8    57.56       5  8    57.47      10  8    57.42      11  8    57.20      13  8    56.75      12  8    56.52       4  8    56.29       8  8    55.88      15  8    55.62      14  8    55.50
 256    9   16       9  9    46.23       8  9    45.86      10  9    45.37      11  9    45.27       7  9    44.90      12  9    44.29      14  9    44.05      13  9    44.00
 256   10   16       8 10    51.68       9 10    51.61      10 10    51.05       7 10    50.38      12 10    49.77      11 10    49.62
 256   11   16       8 11    54.86       9 11    54.48       7 11    53.24      11 11    52.83      10 11    52.53       6 11    52.50
 256   12   16      14 12    62.54       9 12    61.57       7 12    61.53       8 12    61.49      10 12    60.59      11 12    60.22       6 12    60.15      12 12    59.82      13 12    59.48
 256   13   16       8 13    61.99       9 13    61.90       7 13    61.64      14 13    60.97       6 13    60.71       5 13    59.81      10 13    59.36
 256   14   16      14 14    68.75       9 14    68.26       8 14    68.25      12 14    67.27       7 14    66.39       6 14    66.06
 256   15   16       8 15    70.98      14 15    70.54       6 15    69.25       7 15    68.99       9 15    68.72      10 15    68.42      11 15    67.54
 256   16   16      12 16    86.27      11 16    85.73      14 16    85.61      10 16    85.46       9 16    85.36      13 16    85.21       8 16    84.99       7 16    84.49       6 16    82.92       5 16    81.99
 256   17   16       7 17    59.99       6 17    59.54       5 17    58.71       8 17    58.17       9 17    57.90       4 17    57.15
 256   18   16       7 18    65.30       8 18    65.19       6 18    64.88       5 18    63.81       9 18    63.43
 256   19   16       8 19    66.07       7 19    65.65       6 19    65.65       5 19    64.59       4 19    63.47
 256   20   16       8 20    75.19       9 20    73.85       7 20    73.50       6 20    73.17       5 20    71.63
 256   21   16       8 21    75.50       6 21    73.32       7 21    72.68
 256   22   16       9 22    78.74       6 22    78.04       8 22    77.86       7 22    77.03
 256   23   16       8 23    78.23       7 23    77.92       9 23    77.67       6 23    76.87       5 23    75.16       4 23    75.08
 256   24   16       8 24    96.18       9 24    93.83       6 24    93.62       7 24    93.10       5 24    92.98
 256   25   16       4 25    66.89       6 25    66.74       5 25    64.93
 256   26   16       6 26    70.33       4 26    69.35       5 26    68.91
 256   27   16       6 27    71.76       5 27    71.01       4 27    70.21
 256   28   16       6 28    76.71       4 28    74.92       5 28    72.93
 256   29   16       5 29    76.98       6 29    75.82       4 29    74.85
 256   30   16       6 30    79.48       5 30    79.25       4 30    78.28
 256   31   16       6 31    82.12       5 31    81.16       4 31    79.87
 256   32   16       4 32    96.49       6 32    95.10       5 32    93.73
(16,n)T(16,16*16) 32
   1  256   16       1 48    54.86       1 40    53.14       1 32    52.52
   2  256   16       2 32    72.66       2 40    71.39       2 48    70.70
   3  256   16       3 32    80.78       3 40    78.80       3 48    78.07
   4  256   16       4 16    78.18       4 48    75.95       4 24    75.88       4 32    75.83       4 40    75.27
   5  256   16       5 32    85.60       5 40    85.30       5 24    83.81
   6  256   16       6 32    87.51       6 24    83.51
   7  256   16       7 24    86.83       7 16    84.69       7 32    84.40
   8  256   16       8 24    87.84       8 16    87.51       4 32    85.19       4 48    83.69
   9  256   16       9 24    86.01       5 32    84.66       9 16    84.12
  10  256   16       5 32    87.61      10 16    87.20       6 32    86.59       5 40    86.29      10 24    84.38
  11  256   16       6 32    88.65
  12  256   16       6 32    89.38      12 16    86.75       7 32    86.61       7 24    85.95       6 24    85.60
  13  256   16       7 24    86.03       7 32    85.96       8 24    85.48      13 16    84.80       8 16    82.95       5 32    81.99
  14  256   16      14 16    87.72       8 24    87.62       9 24    86.10       7 24    86.02       7 32    86.01       8 16    85.90       9 16    83.83       5 32    83.65
  15  256   16       8 24    83.93       9 24    83.13      15 16    82.58       8 16    82.14       6 32    81.65       5 40    81.11      10 24    80.77       5 32    80.76
  16  256   16       9 24    87.86       6 32    86.63       8 24    86.50       9 16    85.93      10 16    85.81      10 24    83.92       8 16    83.83      11 16    83.47
  17  256   16       6 32    89.06       9 24    87.72       9 16    86.27      10 16    86.12
  18  256   16       6 32    89.28      10 16    87.50       9 24    86.95      10 24    85.78      11 16    85.74      12 16    85.44
  19  256   16      10 16    87.07      11 16    86.53      12 16    86.27      10 24    86.00       5 32    85.87       7 24    85.71      13 16    84.71       7 32    84.69       5 40    84.62      14 16    84.35
  20  256   16       5 32    85.56       7 32    85.51       5 40    84.74       4 48    82.97      12 16    82.60       6 32    82.43      11 16    81.99       4 32    81.73       7 24    81.64      13 16    81.52
  21  256   16      14 16    86.78      13 16    86.66       8 24    86.32       7 24    85.72      11 16    84.85       6 32    84.63       7 32    83.78      12 16    83.11       8 16    82.64      15 16    82.56
  22  256   16      12 16    88.47       6 32    87.80      14 16    87.64      13 16    87.41       8 24    87.03       9 24    84.48
  23  256   16       6 32    88.49      14 16    87.56      13 16    87.06       8 24    86.96      12 16    86.96       9 24    85.63      15 16    84.86
  24  256   16      14 16    87.56      13 16    87.19       8 24    86.23       9 24    86.13       6 32    85.15      15 16    83.26
  25  256   16       9 24    87.41      13 16    86.89      14 16    86.76       5 32    85.70       5 40    84.72      15 16    83.75       7 24    83.21
  26  256   16       9 24    88.03      14 16    87.79      15 16    83.79       9 16    83.72       7 24    83.68
  27  256   16      14 16    88.32       9 24    86.73      15 16    86.08       6 32    85.74       7 32    85.27       7 24    85.04
  28  256   16       6 32    85.92      15 16    84.50       8 24    83.77       7 24    83.76      14 16    83.71       7 32    82.85      10 16    82.55      11 16    82.30       5 32    82.26
  29  256   16       6 32    88.79       8 24    85.99      15 16    84.46
  30  256   16       6 32    87.11       8 24    85.90      11 16    84.08      12 16    83.19
  31  256   16       8 24    86.18      11 16    84.72      12 16    84.32       9 24    83.93      13 16    82.55       6 32    81.95
  32  256   16       8 24    85.81       9 24    85.24      12 16    84.53      11 16    84.45       7 24    82.67       7 32    82.58       6 32    82.47      13 16    82.43
